3	140
3.02	165
3.04	161.667
3.06	158.333
3.08	140
3.1	121.667
3.12	130
3.14	135
3.16	141.667
3.18	140
3.2	143.333
3.22	153.333
3.24	116.667
3.26	143.333
3.28	133.333
3.3	160
3.32	153.333
3.34	135
3.36	126.667
3.38	108.333
3.4	126.667
3.42	136.667
3.44	111.667
3.46	115
3.48	158.333
3.5	156.667
3.52	121.667
3.54	118.333
3.56	120
3.58	133.333
3.6	131.667
3.62	118.333
3.64	160
3.66	126.667
3.68	115
3.7	115
3.72	111.667
3.74	116.667
3.76	105
3.78	111.667
3.8	108.333
3.82	110
3.84	106.667
3.86	110
3.88	106.667
3.9	116.667
3.92	110
3.94	118.333
3.96	98.3333
3.98	95
4	118.333
4.02	141.667
4.04	91.6667
4.06	118.333
4.08	96.6667
4.1	100
4.12	86.6667
4.14	90
4.16	91.6667
4.18	111.667
4.2	120
4.22	95
4.24	106.667
4.26	78.3333
4.28	85
4.3	96.6667
4.32	96.6667
4.34	86.6667
4.36	100
4.38	123.333
4.4	108.333
4.42	81.6667
4.44	121.667
4.46	106.667
4.48	105
4.5	91.6667
4.52	76.6667
4.54	105
4.56	90
4.58	113.333
4.6	63.3333
4.62	75
4.64	78.3333
4.66	90
4.68	80
4.7	90
4.72	76.6667
4.74	95
4.76	76.6667
4.78	75
4.8	86.6667
4.82	108.333
4.84	95
4.86	96.6667
4.88	95
4.9	80
4.92	110
4.94	70
4.96	91.6667
4.98	75
5	78.3333
5.02	76.6667
5.04	73.3333
5.06	85
5.08	88.3333
5.1	95
5.12	58.3333
5.14	80
5.16	68.3333
5.18	80
5.2	78.3333
5.22	80
5.24	73.3333
5.26	71.6667
5.28	88.3333
5.3	66.6667
5.32	88.3333
5.34	81.6667
5.36	70
5.38	76.6667
5.4	78.3333
5.42	63.3333
5.44	76.6667
5.46	70
5.48	61.6667
5.5	71.6667
5.52	80
5.54	66.6667
5.56	80
5.58	75
5.6	85
5.62	76.6667
5.64	76.6667
5.66	91.6667
5.68	76.6667
5.7	63.3333
5.72	61.6667
5.74	75
5.76	75
5.78	58.3333
5.8	70
5.82	83.3333
5.84	66.6667
5.86	81.6667
5.88	55
5.9	70
5.92	61.6667
5.94	58.3333
5.96	66.6667
5.98	53.3333
6	71.6667
6.02	70
6.04	65
6.06	51.6667
6.08	71.6667
6.1	68.3333
6.12	60
6.14	63.3333
6.16	58.3333
6.18	76.6667
6.2	55
6.22	80
6.24	65
6.26	65
6.28	80
6.3	55
6.32	60
6.34	50
6.36	68.3333
6.38	65
6.4	66.6667
6.42	51.6667
6.44	56.6667
6.46	71.6667
6.48	70
6.5	40
6.52	50
6.54	60
6.56	80
6.58	65
6.6	63.3333
6.62	66.6667
6.64	63.3333
6.66	48.3333
6.68	65
6.7	55
6.72	66.6667
6.74	53.3333
6.76	56.6667
6.78	70
6.8	60
6.82	50
6.84	33.3333
6.86	48.3333
6.88	53.3333
6.9	90
6.92	80
6.94	70
6.96	58.3333
6.98	56.6667
7	56.6667
7.02	50
7.04	66.6667
7.06	53.3333
7.08	56.6667
7.1	66.6667
7.12	56.6667
7.14	56.6667
7.16	45
7.18	53.3333
7.2	65
7.22	38.3333
7.24	56.6667
7.26	60
7.28	61.6667
7.3	45
7.32	48.3333
7.34	55
7.36	50
7.38	58.3333
7.4	46.6667
7.42	61.6667
7.44	68.3333
7.46	41.6667
7.48	51.6667
7.5	56.6667
7.52	41.6667
7.54	45
7.56	43.3333
7.58	45
7.6	50
7.62	58.3333
7.64	46.6667
7.66	48.3333
7.68	61.6667
7.7	46.6667
7.72	55
7.74	51.6667
7.76	51.6667
7.78	58.3333
7.8	53.3333
7.82	36.6667
7.84	50
7.86	40
7.88	41.6667
7.9	51.6667
7.92	41.6667
7.94	55
7.96	66.6667
7.98	58.3333
8	38.3333
8.02	38.3333
8.04	48.3333
8.06	60
8.08	58.3333
8.1	43.3333
8.12	43.3333
8.14	51.6667
8.16	58.3333
8.18	58.3333
8.2	58.3333
8.22	48.3333
8.24	36.6667
8.26	45
8.28	45
8.3	51.6667
8.32	50
8.34	55
8.36	31.6667
8.38	51.6667
8.4	51.6667
8.42	56.6667
8.44	36.6667
8.46	43.3333
8.48	53.3333
8.5	58.3333
8.52	56.6667
8.54	36.6667
8.56	36.6667
8.58	56.6667
8.6	55
8.62	28.3333
8.64	41.6667
8.66	36.6667
8.68	51.6667
8.7	38.3333
8.72	61.6667
8.74	48.3333
8.76	38.3333
8.78	53.3333
8.8	36.6667
8.82	50
8.84	40
8.86	50
8.88	43.3333
8.9	58.3333
8.92	56.6667
8.94	55
8.96	50
8.98	46.6667
9	41.6667
9.02	40
9.04	53.3333
9.06	38.3333
9.08	53.3333
9.1	43.3333
9.12	31.6667
9.14	63.3333
9.16	55
9.18	56.6667
9.2	26.6667
9.22	43.3333
9.24	45
9.26	40
9.28	51.6667
9.3	50
9.32	40
9.34	38.3333
9.36	45
9.38	21.6667
9.4	30
9.42	38.3333
9.44	40
9.46	45
9.48	48.3333
9.5	41.6667
9.52	45
9.54	31.6667
9.56	43.3333
9.58	30
9.6	28.3333
9.62	43.3333
9.64	48.3333
9.66	36.6667
9.68	33.3333
9.7	31.6667
9.72	70
9.74	40
9.76	40
9.78	46.6667
9.8	36.6667
9.82	40
9.84	43.3333
9.86	35
9.88	40
9.9	48.3333
9.92	43.3333
9.94	31.6667
9.96	43.3333
9.98	43.3333
10	56.6667
10.02	26.6667
10.04	43.3333
10.06	36.6667
10.08	41.6667
10.1	20
10.12	41.6667
10.14	40
10.16	51.6667
10.18	56.6667
10.2	40
10.22	31.6667
10.24	48.3333
10.26	36.6667
10.28	43.3333
10.3	28.3333
10.32	43.3333
10.34	36.6667
10.36	50
10.38	28.3333
10.4	51.6667
10.42	40
10.44	30
10.46	43.3333
10.48	26.6667
10.5	21.6667
10.52	48.3333
10.54	53.3333
10.56	36.6667
10.58	38.3333
10.6	43.3333
10.62	30
10.64	33.3333
10.66	35
10.68	41.6667
10.7	41.6667
10.72	48.3333
10.74	43.3333
10.76	26.6667
10.78	35
10.8	25
10.82	48.3333
10.84	28.3333
10.86	28.3333
10.88	36.6667
10.9	48.3333
10.92	35
10.94	40
10.96	41.6667
10.98	48.3333
11	35
11.02	28.3333
11.04	33.3333
11.06	36.6667
11.08	31.6667
11.1	36.6667
11.12	43.3333
11.14	46.6667
11.16	50
11.18	30
11.2	43.3333
11.22	41.6667
11.24	40
11.26	43.3333
11.28	21.6667
11.3	43.3333
11.32	28.3333
11.34	23.3333
11.36	35
11.38	38.3333
11.4	38.3333
11.42	35
11.44	40
11.46	40
11.48	36.6667
11.5	30
11.52	31.6667
11.54	46.6667
11.56	53.3333
11.58	26.6667
11.6	50
11.62	26.6667
11.64	33.3333
11.66	25
11.68	35
11.7	28.3333
11.72	45
11.74	33.3333
11.76	45
11.78	30
11.8	33.3333
11.82	26.6667
11.84	15
11.86	28.3333
11.88	23.3333
11.9	36.6667
11.92	35
11.94	18.3333
11.96	25
11.98	36.6667
12	45
12.02	41.6667
12.04	35
12.06	35
12.08	25
12.1	21.6667
12.12	35
12.14	38.3333
12.16	31.6667
12.18	21.6667
12.2	36.6667
12.22	36.6667
12.24	36.6667
12.26	36.6667
12.28	21.6667
12.3	31.6667
12.32	46.6667
12.34	20
12.36	31.6667
12.38	35
12.4	18.3333
12.42	40
12.44	30
12.46	20
12.48	36.6667
12.5	33.3333
12.52	45
12.54	16.6667
12.56	25
12.58	23.3333
12.6	20
12.62	20
12.64	30
12.66	33.3333
12.68	26.6667
12.7	43.3333
12.72	28.3333
12.74	36.6667
12.76	31.6667
12.78	41.6667
12.8	26.6667
12.82	38.3333
12.84	35
12.86	28.3333
12.88	30
12.9	26.6667
12.92	26.6667
12.94	23.3333
12.96	40
12.98	28.3333
13	21.6667
13.02	31.6667
13.04	33.3333
13.06	30
13.08	31.6667
13.1	35
13.12	21.6667
13.14	26.6667
13.16	38.3333
13.18	23.3333
13.2	30
13.22	23.3333
13.24	25
13.26	40
13.28	28.3333
13.3	26.6667
13.32	40
13.34	36.6667
13.36	26.6667
13.38	35
13.4	36.6667
13.42	28.3333
13.44	26.6667
13.46	33.3333
13.48	23.3333
13.5	28.3333
13.52	28.3333
13.54	26.6667
13.56	40
13.58	28.3333
13.6	41.6667
13.62	18.3333
13.64	20
13.66	30
13.68	36.6667
13.7	30
13.72	30
13.74	26.6667
13.76	15
13.78	40
13.8	30
13.82	36.6667
13.84	35
13.86	18.3333
13.88	18.3333
13.9	33.3333
13.92	43.3333
13.94	28.3333
13.96	31.6667
13.98	31.6667
14	33.3333
14.02	26.6667
14.04	46.6667
14.06	30
14.08	23.3333
14.1	36.6667
14.12	21.6667
14.14	26.6667
14.16	21.6667
14.18	26.6667
14.2	25
14.22	23.3333
14.24	25
14.26	28.3333
14.28	25
14.3	33.3333
14.32	21.6667
14.34	20
14.36	31.6667
14.38	26.6667
14.4	18.3333
14.42	35
14.44	18.3333
14.46	28.3333
14.48	20
14.5	25
14.52	30
14.54	21.6667
14.56	21.6667
14.58	31.6667
14.6	25
14.62	30
14.64	18.3333
14.66	15
14.68	26.6667
14.7	31.6667
14.72	33.3333
14.74	46.6667
14.76	28.3333
14.78	16.6667
14.8	25
14.82	25
14.84	21.6667
14.86	26.6667
14.88	25
14.9	18.3333
14.92	18.3333
14.94	25
14.96	33.3333
14.98	23.3333
15	50
15.02	16.6667
15.04	33.3333
15.06	43.3333
15.08	33.3333
15.1	33.3333
15.12	31.6667
15.14	16.6667
15.16	33.3333
15.18	23.3333
15.2	28.3333
15.22	36.6667
15.24	13.3333
15.26	35
15.28	20
15.3	23.3333
15.32	21.6667
15.34	15
15.36	28.3333
15.38	21.6667
15.4	26.6667
15.42	31.6667
15.44	20
15.46	26.6667
15.48	25
15.5	26.6667
15.52	18.3333
15.54	36.6667
15.56	35
15.58	36.6667
15.6	28.3333
15.62	16.6667
15.64	30
15.66	26.6667
15.68	26.6667
15.7	25
15.72	13.3333
15.74	20
15.76	26.6667
15.78	18.3333
15.8	20
15.82	10
15.84	21.6667
15.86	30
15.88	25
15.9	26.6667
15.92	26.6667
15.94	25
15.96	8.33333
15.98	16.6667
16	21.6667
16.02	25
16.04	28.3333
16.06	16.6667
16.08	31.6667
16.1	11.6667
16.12	26.6667
16.14	28.3333
16.16	26.6667
16.18	25
16.2	30
16.22	21.6667
16.24	16.6667
16.26	18.3333
16.28	26.6667
16.3	18.3333
16.32	13.3333
16.34	11.6667
16.36	26.6667
16.38	18.3333
16.4	13.3333
16.42	15
16.44	28.3333
16.46	25
16.48	25
16.5	18.3333
16.52	21.6667
16.54	30
16.56	30
16.58	20
16.6	23.3333
16.62	18.3333
16.64	18.3333
16.66	11.6667
16.68	25
16.7	15
16.72	20
16.74	21.6667
16.76	28.3333
16.78	10
16.8	23.3333
16.82	26.6667
16.84	13.3333
16.86	15
16.88	11.6667
16.9	25
16.92	25
16.94	6.66667
16.96	18.3333
16.98	21.6667
17	26.6667
17.02	16.6667
17.04	13.3333
17.06	13.3333
17.08	21.6667
17.1	18.3333
17.12	16.6667
17.14	26.6667
17.16	18.3333
17.18	21.6667
17.2	25
17.22	30
17.24	13.3333
17.26	13.3333
17.28	18.3333
17.3	13.3333
17.32	18.3333
17.34	16.6667
17.36	18.3333
17.38	21.6667
17.4	23.3333
17.42	26.6667
17.44	21.6667
17.46	16.6667
17.48	20
17.5	16.6667
17.52	11.6667
17.54	20
17.56	23.3333
17.58	16.6667
17.6	5
17.62	20
17.64	11.6667
17.66	11.6667
17.68	15
17.7	25
17.72	21.6667
17.74	10
17.76	25
17.78	10
17.8	20
17.82	23.3333
17.84	25
17.86	18.3333
17.88	23.3333
17.9	15
17.92	15
17.94	26.6667
17.96	23.3333
17.98	33.3333
18	26.6667
18.02	21.6667
18.04	21.6667
18.06	25
18.08	25
18.1	26.6667
18.12	30
18.14	28.3333
18.16	35
18.18	43.3333
18.2	55
18.22	45
18.24	55
18.26	65
18.28	75
18.3	70
18.32	90
18.34	140
18.36	136.667
18.38	135
18.4	93.3333
18.42	70
18.44	45
18.46	43.3333
18.48	36.6667
18.5	26.6667
18.52	20
18.54	23.3333
18.56	18.3333
18.58	23.3333
18.6	18.3333
18.62	20
18.64	21.6667
18.66	21.6667
18.68	16.6667
18.7	6.66667
18.72	13.3333
18.74	20
18.76	15
18.78	18.3333
18.8	18.3333
18.82	10
18.84	16.6667
18.86	6.66667
18.88	15
18.9	20
18.92	3.33333
18.94	16.6667
18.96	13.3333
18.98	18.3333
19	10
19.02	10
19.04	18.3333
19.06	11.6667
19.08	11.6667
19.1	16.6667
19.12	8.33333
19.14	11.6667
19.16	13.3333
19.18	16.6667
19.2	10
19.22	15
19.24	13.3333
19.26	13.3333
19.28	16.6667
19.3	15
19.32	5
19.34	11.6667
19.36	11.6667
19.38	13.3333
19.4	20
19.42	16.6667
19.44	10
19.46	16.6667
19.48	16.6667
19.5	10
19.52	13.3333
19.54	21.6667
19.56	16.6667
19.58	25
19.6	8.33333
19.62	13.3333
19.64	20
19.66	8.33333
19.68	20
19.7	10
19.72	18.3333
19.74	8.33333
19.76	13.3333
19.78	10
19.8	15
19.82	15
19.84	15
19.86	16.6667
19.88	16.6667
19.9	20
19.92	25
19.94	5
19.96	13.3333
19.98	8.33333
20	15
20.02	16.6667
20.04	25
20.06	21.6667
20.08	11.6667
20.1	15
20.12	16.6667
20.14	10
20.16	13.3333
20.18	8.33333
20.2	10
20.22	10
20.24	11.6667
20.26	10
20.28	13.3333
20.3	16.6667
20.32	20
20.34	11.6667
20.36	11.6667
20.38	11.6667
20.4	18.3333
20.42	13.3333
20.44	13.3333
20.46	5
20.48	21.6667
20.5	18.3333
20.52	18.3333
20.54	13.3333
20.56	20
20.58	8.33333
20.6	18.3333
20.62	15
20.64	6.66667
20.66	16.6667
20.68	5
20.7	21.6667
20.72	16.6667
20.74	18.3333
20.76	31.6667
20.78	18.3333
20.8	18.3333
20.82	13.3333
20.84	10
20.86	18.3333
20.88	11.6667
20.9	10
20.92	25
20.94	13.3333
20.96	11.6667
20.98	16.6667
21	11.6667
21.02	18.3333
21.04	16.6667
21.06	6.66667
21.08	15
21.1	13.3333
21.12	18.3333
21.14	20
21.16	18.3333
21.18	20
21.2	6.66667
21.22	35
21.24	18.3333
21.26	10
21.28	11.6667
21.3	11.6667
21.32	8.33333
21.34	16.6667
21.36	23.3333
21.38	23.3333
21.4	13.3333
21.42	10
21.44	13.3333
21.46	15
21.48	15
21.5	13.3333
21.52	16.6667
21.54	15
21.56	13.3333
21.58	18.3333
21.6	10
21.62	18.3333
21.64	16.6667
21.66	10
21.68	23.3333
21.7	13.3333
21.72	10
21.74	16.6667
21.76	10
21.78	20
21.8	15
21.82	6.66667
21.84	16.6667
21.86	15
21.88	15
21.9	10
21.92	23.3333
21.94	13.3333
21.96	21.6667
21.98	5
22	23.3333
22.02	20
22.04	16.6667
22.06	15
22.08	10
22.1	21.6667
22.12	11.6667
22.14	11.6667
22.16	11.6667
22.18	23.3333
22.2	6.66667
22.22	13.3333
22.24	8.33333
22.26	6.66667
22.28	13.3333
22.3	13.3333
22.32	15
22.34	11.6667
22.36	3.33333
22.38	15
22.4	25
22.42	6.66667
22.44	10
22.46	15
22.48	16.6667
22.5	3.33333
22.52	10
22.54	15
22.56	15
22.58	15
22.6	16.6667
22.62	11.6667
22.64	16.6667
22.66	15
22.68	10
22.7	10
22.72	16.6667
22.74	8.33333
22.76	20
22.78	15
22.8	18.3333
22.82	13.3333
22.84	21.6667
22.86	13.3333
22.88	18.3333
22.9	5
22.92	10
22.94	20
22.96	15
22.98	11.6667
23	18.3333
23.02	16.6667
23.04	16.6667
23.06	6.66667
23.08	10
23.1	13.3333
23.12	18.3333
23.14	10
23.16	23.3333
23.18	13.3333
23.2	6.66667
23.22	21.6667
23.24	18.3333
23.26	5
23.28	5
23.3	10
23.32	15
23.34	13.3333
23.36	6.66667
23.38	16.6667
23.4	13.3333
23.42	20
23.44	11.6667
23.46	11.6667
23.48	10
23.5	15
23.52	20
23.54	25
23.56	11.6667
23.58	10
23.6	13.3333
23.62	10
23.64	18.3333
23.66	18.3333
23.68	8.33333
23.7	11.6667
23.72	13.3333
23.74	6.66667
23.76	8.33333
23.78	5
23.8	8.33333
23.82	8.33333
23.84	16.6667
23.86	10
23.88	8.33333
23.9	1.66667
23.92	8.33333
23.94	11.6667
23.96	16.6667
23.98	13.3333
24	23.3333
24.02	13.3333
24.04	11.6667
24.06	10
24.08	10
24.1	10
24.12	11.6667
24.14	8.33333
24.16	10
24.18	11.6667
24.2	16.6667
24.22	10
24.24	21.6667
24.26	11.6667
24.28	11.6667
24.3	16.6667
24.32	16.6667
24.34	8.33333
24.36	5
24.38	16.6667
24.4	6.66667
24.42	16.6667
24.44	20
24.46	11.6667
24.48	16.6667
24.5	6.66667
24.52	10
24.54	6.66667
24.56	11.6667
24.58	18.3333
24.6	11.6667
24.62	20
24.64	18.3333
24.66	16.6667
24.68	11.6667
24.7	6.66667
24.72	13.3333
24.74	11.6667
24.76	5
24.78	6.66667
24.8	11.6667
24.82	18.3333
24.84	13.3333
24.86	10
24.88	15
24.9	11.6667
24.92	13.3333
24.94	10
24.96	10
24.98	6.66667
25	6.66667
25.02	18.3333
25.04	8.33333
25.06	15
25.08	8.33333
25.1	10
25.12	13.3333
25.14	10
25.16	8.33333
25.18	1.66667
25.2	16.6667
25.22	15
25.24	8.33333
25.26	18.3333
25.28	21.6667
25.3	10
25.32	8.33333
25.34	8.33333
25.36	15
25.38	6.66667
25.4	5
25.42	16.6667
25.44	10
25.46	18.3333
25.48	6.66667
25.5	6.66667
25.52	15
25.54	6.66667
25.56	6.66667
25.58	20
25.6	10
25.62	8.33333
25.64	10
25.66	11.6667
25.68	6.66667
25.7	13.3333
25.72	13.3333
25.74	8.33333
25.76	16.6667
25.78	20
25.8	13.3333
25.82	8.33333
25.84	8.33333
25.86	8.33333
25.88	5
25.9	15
25.92	10
25.94	8.33333
25.96	11.6667
25.98	5
26	18.3333
26.02	23.3333
26.04	13.3333
26.06	13.3333
26.08	10
26.1	15
26.12	6.66667
26.14	6.66667
26.16	11.6667
26.18	18.3333
26.2	20
26.22	8.33333
26.24	6.66667
26.26	13.3333
26.28	11.6667
26.3	11.6667
26.32	10
26.34	11.6667
26.36	16.6667
26.38	8.33333
26.4	13.3333
26.42	8.33333
26.44	15
26.46	6.66667
26.48	11.6667
26.5	25
26.52	5
26.54	10
26.56	11.6667
26.58	18.3333
26.6	6.66667
26.62	16.6667
26.64	11.6667
26.66	6.66667
26.68	11.6667
26.7	8.33333
26.72	11.6667
26.74	15
26.76	8.33333
26.78	8.33333
26.8	8.33333
26.82	10
26.84	16.6667
26.86	11.6667
26.88	11.6667
26.9	8.33333
26.92	11.6667
26.94	15
26.96	10
26.98	8.33333
27	11.6667
27.02	8.33333
27.04	10
27.06	10
27.08	6.66667
27.1	5
27.12	11.6667
27.14	18.3333
27.16	6.66667
27.18	11.6667
27.2	5
27.22	20
27.24	11.6667
27.26	3.33333
27.28	18.3333
27.3	13.3333
27.32	15
27.34	10
27.36	13.3333
27.38	11.6667
27.4	10
27.42	11.6667
27.44	13.3333
27.46	16.6667
27.48	13.3333
27.5	15
27.52	6.66667
27.54	13.3333
27.56	16.6667
27.58	5
27.6	6.66667
27.62	10
27.64	11.6667
27.66	18.3333
27.68	15
27.7	16.6667
27.72	16.6667
27.74	6.66667
27.76	11.6667
27.78	13.3333
27.8	15
27.82	13.3333
27.84	8.33333
27.86	11.6667
27.88	10
27.9	15
27.92	10
27.94	13.3333
27.96	11.6667
27.98	10
28	8.33333
28.02	11.6667
28.04	13.3333
28.06	8.33333
28.08	8.33333
28.1	11.6667
28.12	15
28.14	20
28.16	10
28.18	8.33333
28.2	21.6667
28.22	10
28.24	6.66667
28.26	16.6667
28.28	1.66667
28.3	8.33333
28.32	13.3333
28.34	15
28.36	11.6667
28.38	8.33333
28.4	10
28.42	13.3333
28.44	6.66667
28.46	11.6667
28.48	11.6667
28.5	13.3333
28.52	5
28.54	13.3333
28.56	16.6667
28.58	8.33333
28.6	3.33333
28.62	10
28.64	13.3333
28.66	13.3333
28.68	16.6667
28.7	11.6667
28.72	13.3333
28.74	10
28.76	3.33333
28.78	5
28.8	8.33333
28.82	5
28.84	16.6667
28.86	18.3333
28.88	10
28.9	11.6667
28.92	18.3333
28.94	6.66667
28.96	18.3333
28.98	13.3333
29	5
29.02	11.6667
29.04	6.66667
29.06	8.33333
29.08	11.6667
29.1	11.6667
29.12	16.6667
29.14	5
29.16	10
29.18	10
29.2	11.6667
29.22	8.33333
29.24	10
29.26	13.3333
29.28	15
29.3	6.66667
29.32	10
29.34	16.6667
29.36	13.3333
29.38	3.33333
29.4	15
29.42	13.3333
29.44	13.3333
29.46	13.3333
29.48	6.66667
29.5	13.3333
29.52	11.6667
29.54	20
29.56	16.6667
29.58	10
29.6	11.6667
29.62	13.3333
29.64	13.3333
29.66	15
29.68	20
29.7	13.3333
29.72	21.6667
29.74	21.6667
29.76	23.3333
29.78	36.6667
29.8	28.3333
29.82	31.6667
29.84	33.3333
29.86	43.3333
29.88	41.6667
29.9	53.3333
29.92	63.3333
29.94	68.3333
29.96	80
29.98	100
30	120
30.02	131.667
30.04	146.667
30.06	218.333
30.08	250
30.1	333.333
30.12	456.667
30.14	530
30.16	706.667
30.18	660
30.2	543.333
30.22	435
30.24	330
30.26	350
30.28	231.667
30.3	185
30.32	108.333
30.34	75
30.36	80
30.38	45
30.4	46.6667
30.42	63.3333
30.44	23.3333
30.46	35
30.48	43.3333
30.5	35
30.52	26.6667
30.54	28.3333
30.56	26.6667
30.58	15
30.6	15
30.62	15
30.64	23.3333
30.66	6.66667
30.68	20
30.7	16.6667
30.72	10
30.74	26.6667
30.76	10
30.78	18.3333
30.8	8.33333
30.82	8.33333
30.84	26.6667
30.86	18.3333
30.88	11.6667
30.9	11.6667
30.92	23.3333
30.94	11.6667
30.96	10
30.98	11.6667
31	11.6667
31.02	16.6667
31.04	18.3333
31.06	16.6667
31.08	10
31.1	13.3333
31.12	8.33333
31.14	6.66667
31.16	8.33333
31.18	8.33333
31.2	11.6667
31.22	13.3333
31.24	11.6667
31.26	13.3333
31.28	11.6667
31.3	8.33333
31.32	13.3333
31.34	6.66667
31.36	15
31.38	13.3333
31.4	13.3333
31.42	3.33333
31.44	13.3333
31.46	11.6667
31.48	16.6667
31.5	10
31.52	8.33333
31.54	6.66667
31.56	15
31.58	20
31.6	10
31.62	8.33333
31.64	10
31.66	5
31.68	10
31.7	10
31.72	6.66667
31.74	13.3333
31.76	13.3333
31.78	5
31.8	21.6667
31.82	8.33333
31.84	10
31.86	11.6667
31.88	16.6667
31.9	10
31.92	8.33333
31.94	10
31.96	10
31.98	11.6667
32	15
32.02	11.6667
32.04	8.33333
32.06	15
32.08	18.3333
32.1	13.3333
32.12	11.6667
32.14	16.6667
32.16	8.33333
32.18	3.33333
32.2	8.33333
32.22	11.6667
32.24	5
32.26	15
32.28	6.66667
32.3	10
32.32	10
32.34	11.6667
32.36	13.3333
32.38	8.33333
32.4	18.3333
32.42	5
32.44	13.3333
32.46	6.66667
32.48	10
32.5	8.33333
32.52	18.3333
32.54	21.6667
32.56	3.33333
32.58	13.3333
32.6	13.3333
32.62	1.66667
32.64	6.66667
32.66	11.6667
32.68	6.66667
32.7	11.6667
32.72	13.3333
32.74	8.33333
32.76	13.3333
32.78	5
32.8	8.33333
32.82	8.33333
32.84	18.3333
32.86	11.6667
32.88	8.33333
32.9	10
32.92	6.66667
32.94	6.66667
32.96	10
32.98	5
33	8.33333
33.02	13.3333
33.04	13.3333
33.06	6.66667
33.08	11.6667
33.1	8.33333
33.12	13.3333
33.14	11.6667
33.16	5
33.18	15
33.2	10
33.22	5
33.24	3.33333
33.26	10
33.28	3.33333
33.3	11.6667
33.32	20
33.34	13.3333
33.36	11.6667
33.38	10
33.4	6.66667
33.42	8.33333
33.44	3.33333
33.46	3.33333
33.48	18.3333
33.5	6.66667
33.52	6.66667
33.54	10
33.56	13.3333
33.58	15
33.6	15
33.62	18.3333
33.64	10
33.66	8.33333
33.68	13.3333
33.7	10
33.72	15
33.74	11.6667
33.76	10
33.78	10
33.8	13.3333
33.82	18.3333
33.84	11.6667
33.86	10
33.88	15
33.9	18.3333
33.92	8.33333
33.94	11.6667
33.96	16.6667
33.98	8.33333
34	13.3333
34.02	16.6667
34.04	10
34.06	8.33333
34.08	11.6667
34.1	11.6667
34.12	8.33333
34.14	15
34.16	20
34.18	10
34.2	10
34.22	18.3333
34.24	16.6667
34.26	15
34.28	11.6667
34.3	15
34.32	10
34.34	15
34.36	16.6667
34.38	15
34.4	10
34.42	18.3333
34.44	8.33333
34.46	13.3333
34.48	15
34.5	11.6667
34.52	10
34.54	8.33333
34.56	15
34.58	25
34.6	10
34.62	23.3333
34.64	23.3333
34.66	21.6667
34.68	25
34.7	20
34.72	23.3333
34.74	21.6667
34.76	31.6667
34.78	20
34.8	31.6667
34.82	35
34.84	31.6667
34.86	20
34.88	31.6667
34.9	38.3333
34.92	30
34.94	45
34.96	31.6667
34.98	31.6667
35	33.3333
35.02	35
35.04	58.3333
35.06	46.6667
35.08	53.3333
35.1	76.6667
35.12	60
35.14	75
35.16	81.6667
35.18	86.6667
35.2	85
35.22	100
35.24	136.667
35.26	140
35.28	210
35.3	225
35.32	300
35.34	340
35.36	373.333
35.38	491.667
35.4	570
35.42	683.333
35.44	918.333
35.46	1236.67
35.48	1606.67
35.5	2155
35.52	2600
35.54	2333.33
35.56	1770
35.58	1470
35.6	1431.67
35.62	1346.67
35.64	1095
35.66	678.333
35.68	380
35.7	340
35.72	268.333
35.74	231.667
35.76	185
35.78	133.333
35.8	121.667
35.82	133.333
35.84	135
35.86	103.333
35.88	88.3333
35.9	85
35.92	53.3333
35.94	53.3333
35.96	43.3333
35.98	48.3333
36	36.6667
36.02	46.6667
36.04	36.6667
36.06	21.6667
36.08	31.6667
36.1	33.3333
36.12	16.6667
36.14	30
36.16	28.3333
36.18	21.6667
36.2	21.6667
36.22	25
36.24	8.33333
36.26	16.6667
36.28	21.6667
36.3	20
36.32	15
36.34	23.3333
36.36	20
36.38	16.6667
36.4	20
36.42	16.6667
36.44	11.6667
36.46	8.33333
36.48	13.3333
36.5	11.6667
36.52	18.3333
36.54	18.3333
36.56	8.33333
36.58	15
36.6	10
36.62	13.3333
36.64	18.3333
36.66	21.6667
36.68	13.3333
36.7	10
36.72	10
36.74	20
36.76	13.3333
36.78	15
36.8	18.3333
36.82	18.3333
36.84	15
36.86	16.6667
36.88	16.6667
36.9	23.3333
36.92	18.3333
36.94	18.3333
36.96	20
36.98	28.3333
37	36.6667
37.02	48.3333
37.04	28.3333
37.06	23.3333
37.08	68.3333
37.1	80
37.12	100
37.14	155
37.16	136.667
37.18	116.667
37.2	96.6667
37.22	71.6667
37.24	70
37.26	65
37.28	66.6667
37.3	53.3333
37.32	23.3333
37.34	20
37.36	25
37.38	18.3333
37.4	10
37.42	18.3333
37.44	16.6667
37.46	18.3333
37.48	13.3333
37.5	5
37.52	11.6667
37.54	23.3333
37.56	10
37.58	6.66667
37.6	13.3333
37.62	6.66667
37.64	8.33333
37.66	11.6667
37.68	6.66667
37.7	8.33333
37.72	11.6667
37.74	5
37.76	15
37.78	11.6667
37.8	15
37.82	13.3333
37.84	6.66667
37.86	10
37.88	15
37.9	6.66667
37.92	10
37.94	8.33333
37.96	16.6667
37.98	8.33333
38	5
38.02	11.6667
38.04	10
38.06	11.6667
38.08	10
38.1	1.66667
38.12	16.6667
38.14	11.6667
38.16	1.66667
38.18	11.6667
38.2	10
38.22	13.3333
38.24	18.3333
38.26	8.33333
38.28	8.33333
38.3	6.66667
38.32	1.66667
38.34	10
38.36	13.3333
38.38	13.3333
38.4	3.33333
38.42	3.33333
38.44	10
38.46	6.66667
38.48	11.6667
38.5	6.66667
38.52	11.6667
38.54	13.3333
38.56	6.66667
38.58	1.66667
38.6	11.6667
38.62	10
38.64	8.33333
38.66	10
38.68	11.6667
38.7	8.33333
38.72	8.33333
38.74	8.33333
38.76	6.66667
38.78	5
38.8	3.33333
38.82	0
38.84	8.33333
38.86	6.66667
38.88	1.66667
38.9	6.66667
38.92	6.66667
38.94	11.6667
38.96	5
38.98	11.6667
39	11.6667
39.02	8.33333
39.04	10
39.06	16.6667
39.08	18.3333
39.1	5
39.12	10
39.14	8.33333
39.16	13.3333
39.18	6.66667
39.2	10
39.22	5
39.24	6.66667
39.26	5
39.28	13.3333
39.3	11.6667
39.32	10
39.34	11.6667
39.36	3.33333
39.38	10
39.4	8.33333
39.42	10
39.44	3.33333
39.46	6.66667
39.48	8.33333
39.5	5
39.52	5
39.54	6.66667
39.56	11.6667
39.58	6.66667
39.6	13.3333
39.62	10
39.64	10
39.66	3.33333
39.68	5
39.7	5
39.72	6.66667
39.74	1.66667
39.76	8.33333
39.78	1.66667
39.8	6.66667
39.82	6.66667
39.84	3.33333
39.86	0
39.88	13.3333
39.9	0
39.92	3.33333
39.94	11.6667
39.96	8.33333
39.98	10
40	11.6667
40.02	3.33333
40.04	5
40.06	6.66667
40.08	6.66667
40.1	6.66667
40.12	8.33333
40.14	5
40.16	10
40.18	1.66667
40.2	5
40.22	3.33333
40.24	3.33333
40.26	10
40.28	5
40.3	11.6667
40.32	11.6667
40.34	1.66667
40.36	6.66667
40.38	10
40.4	8.33333
40.42	6.66667
40.44	5
40.46	11.6667
40.48	5
40.5	1.66667
40.52	6.66667
40.54	3.33333
40.56	3.33333
40.58	5
40.6	8.33333
40.62	5
40.64	6.66667
40.66	3.33333
40.68	10
40.7	13.3333
40.72	5
40.74	8.33333
40.76	8.33333
40.78	1.66667
40.8	6.66667
40.82	6.66667
40.84	13.3333
40.86	5
40.88	6.66667
40.9	8.33333
40.92	10
40.94	8.33333
40.96	6.66667
40.98	10
41	5
41.02	1.66667
41.04	8.33333
41.06	10
41.08	6.66667
41.1	6.66667
41.12	8.33333
41.14	5
41.16	3.33333
41.18	8.33333
41.2	10
41.22	8.33333
41.24	11.6667
41.26	10
41.28	15
41.3	6.66667
41.32	13.3333
41.34	6.66667
41.36	6.66667
41.38	6.66667
41.4	6.66667
41.42	5
41.44	3.33333
41.46	5
41.48	1.66667
41.5	3.33333
41.52	5
41.54	6.66667
41.56	5
41.58	8.33333
41.6	11.6667
41.62	11.6667
41.64	3.33333
41.66	6.66667
41.68	8.33333
41.7	20
41.72	10
41.74	6.66667
41.76	13.3333
41.78	6.66667
41.8	8.33333
41.82	10
41.84	10
41.86	5
41.88	13.3333
41.9	6.66667
41.92	25
41.94	15
41.96	11.6667
41.98	6.66667
42	8.33333
42.02	16.6667
42.04	13.3333
42.06	10
42.08	10
42.1	18.3333
42.12	30
42.14	25
42.16	26.6667
42.18	26.6667
42.2	20
42.22	10
42.24	23.3333
42.26	21.6667
42.28	25
42.3	20
42.32	18.3333
42.34	13.3333
42.36	11.6667
42.38	16.6667
42.4	13.3333
42.42	30
42.44	11.6667
42.46	10
42.48	16.6667
42.5	18.3333
42.52	16.6667
42.54	13.3333
42.56	25
42.58	33.3333
42.6	26.6667
42.62	15
42.64	31.6667
42.66	28.3333
42.68	18.3333
42.7	26.6667
42.72	31.6667
42.74	31.6667
42.76	28.3333
42.78	28.3333
42.8	36.6667
42.82	43.3333
42.84	56.6667
42.86	65
42.88	61.6667
42.9	80
42.92	96.6667
42.94	113.333
42.96	75
42.98	111.667
43	163.333
43.02	203.333
43.04	213.333
43.06	281.667
43.08	333.333
43.1	548.333
43.12	921.667
43.14	1368.33
43.16	1426.67
43.18	1366.67
43.2	965
43.22	640
43.24	631.667
43.26	795
43.28	785
43.3	626.667
43.32	336.667
43.34	218.333
43.36	131.667
43.38	98.3333
43.4	66.6667
43.42	63.3333
43.44	78.3333
43.46	48.3333
43.48	51.6667
43.5	36.6667
43.52	40
43.54	26.6667
43.56	28.3333
43.58	26.6667
43.6	25
43.62	25
43.64	36.6667
43.66	30
43.68	16.6667
43.7	23.3333
43.72	13.3333
43.74	18.3333
43.76	18.3333
43.78	23.3333
43.8	15
43.82	25
43.84	8.33333
43.86	15
43.88	21.6667
43.9	10
43.92	10
43.94	6.66667
43.96	16.6667
43.98	6.66667
44	16.6667
44.02	6.66667
44.04	11.6667
44.06	10
44.08	8.33333
44.1	5
44.12	8.33333
44.14	10
44.16	6.66667
44.18	13.3333
44.2	15
44.22	3.33333
44.24	6.66667
44.26	6.66667
44.28	1.66667
44.3	8.33333
44.32	6.66667
44.34	11.6667
44.36	8.33333
44.38	6.66667
44.4	6.66667
44.42	11.6667
44.44	5
44.46	10
44.48	8.33333
44.5	8.33333
44.52	10
44.54	10
44.56	5
44.58	3.33333
44.6	1.66667
44.62	6.66667
44.64	10
44.66	10
44.68	6.66667
44.7	8.33333
44.72	6.66667
44.74	1.66667
44.76	11.6667
44.78	6.66667
44.8	6.66667
44.82	8.33333
44.84	11.6667
44.86	10
44.88	8.33333
44.9	10
44.92	3.33333
44.94	3.33333
44.96	1.66667
44.98	5
45	10
45.02	3.33333
45.04	8.33333
45.06	10
45.08	3.33333
45.1	6.66667
45.12	1.66667
45.14	6.66667
45.16	8.33333
45.18	6.66667
45.2	8.33333
45.22	3.33333
45.24	6.66667
45.26	6.66667
45.28	1.66667
45.3	3.33333
45.32	10
45.34	6.66667
45.36	3.33333
45.38	3.33333
45.4	6.66667
45.42	5
45.44	8.33333
45.46	8.33333
45.48	10
45.5	6.66667
45.52	5
45.54	3.33333
45.56	6.66667
45.58	3.33333
45.6	1.66667
45.62	8.33333
45.64	8.33333
45.66	6.66667
45.68	10
45.7	5
45.72	10
45.74	3.33333
45.76	3.33333
45.78	5
45.8	1.66667
45.82	15
45.84	6.66667
45.86	10
45.88	8.33333
45.9	6.66667
45.92	5
45.94	3.33333
45.96	8.33333
45.98	1.66667
46	10
46.02	6.66667
46.04	8.33333
46.06	1.66667
46.08	6.66667
46.1	5
46.12	8.33333
46.14	3.33333
46.16	1.66667
46.18	8.33333
46.2	8.33333
46.22	11.6667
46.24	6.66667
46.26	8.33333
46.28	15
46.3	5
46.32	6.66667
46.34	1.66667
46.36	1.66667
46.38	6.66667
46.4	6.66667
46.42	13.3333
46.44	10
46.46	3.33333
46.48	5
46.5	6.66667
46.52	10
46.54	5
46.56	8.33333
46.58	5
46.6	8.33333
46.62	8.33333
46.64	6.66667
46.66	3.33333
46.68	8.33333
46.7	5
46.72	5
46.74	3.33333
46.76	5
46.78	6.66667
46.8	0
46.82	5
46.84	5
46.86	8.33333
46.88	3.33333
46.9	3.33333
46.92	8.33333
46.94	5
46.96	3.33333
46.98	1.66667
47	6.66667
47.02	3.33333
47.04	10
47.06	5
47.08	6.66667
47.1	8.33333
47.12	10
47.14	5
47.16	6.66667
47.18	10
47.2	8.33333
47.22	10
47.24	15
47.26	16.6667
47.28	6.66667
47.3	8.33333
47.32	6.66667
47.34	15
47.36	10
47.38	20
47.4	5
47.42	6.66667
47.44	5
47.46	8.33333
47.48	10
47.5	8.33333
47.52	1.66667
47.54	5
47.56	6.66667
47.58	1.66667
47.6	5
47.62	11.6667
47.64	10
47.66	6.66667
47.68	6.66667
47.7	8.33333
47.72	5
47.74	1.66667
47.76	6.66667
47.78	10
47.8	3.33333
47.82	10
47.84	1.66667
47.86	11.6667
47.88	3.33333
47.9	10
47.92	10
47.94	10
47.96	5
47.98	3.33333
48	6.66667
48.02	13.3333
48.04	6.66667
48.06	3.33333
48.08	1.66667
48.1	5
48.12	6.66667
48.14	8.33333
48.16	3.33333
48.18	8.33333
48.2	5
48.22	11.6667
48.24	8.33333
48.26	0
48.28	5
48.3	0
48.32	6.66667
48.34	5
48.36	10
48.38	3.33333
48.4	6.66667
48.42	6.66667
48.44	5
48.46	1.66667
48.48	10
48.5	5
48.52	6.66667
48.54	6.66667
48.56	5
48.58	10
48.6	6.66667
48.62	5
48.64	3.33333
48.66	3.33333
48.68	6.66667
48.7	5
48.72	6.66667
48.74	3.33333
48.76	5
48.78	8.33333
48.8	6.66667
48.82	0
48.84	5
48.86	8.33333
48.88	11.6667
48.9	6.66667
48.92	10
48.94	3.33333
48.96	3.33333
48.98	8.33333
49	6.66667
49.02	11.6667
49.04	5
49.06	6.66667
49.08	13.3333
49.1	10
49.12	5
49.14	6.66667
49.16	3.33333
49.18	5
49.2	5
49.22	8.33333
49.24	1.66667
49.26	3.33333
49.28	3.33333
49.3	5
49.32	6.66667
49.34	1.66667
49.36	1.66667
49.38	8.33333
49.4	5
49.42	6.66667
49.44	6.66667
49.46	5
49.48	5
49.5	8.33333
49.52	5
49.54	6.66667
49.56	6.66667
49.58	6.66667
49.6	10
49.62	5
49.64	3.33333
49.66	10
49.68	8.33333
49.7	8.33333
49.72	1.66667
49.74	10
49.76	5
49.78	10
49.8	3.33333
49.82	5
49.84	5
49.86	5
49.88	3.33333
49.9	3.33333
49.92	11.6667
49.94	0
49.96	8.33333
49.98	5
50	5
50.02	1.66667
50.04	11.6667
50.06	8.33333
50.08	8.33333
50.1	1.66667
50.12	1.66667
50.14	1.66667
50.16	3.33333
50.18	8.33333
50.2	5
50.22	8.33333
50.24	11.6667
50.26	1.66667
50.28	6.66667
50.3	8.33333
50.32	6.66667
50.34	3.33333
50.36	6.66667
50.38	13.3333
50.4	13.3333
50.42	5
50.44	5
50.46	11.6667
50.48	11.6667
50.5	3.33333
50.52	3.33333
50.54	5
50.56	3.33333
50.58	6.66667
50.6	5
50.62	10
50.64	10
50.66	5
50.68	8.33333
50.7	5
50.72	10
50.74	11.6667
50.76	6.66667
50.78	3.33333
50.8	6.66667
50.82	5
50.84	10
50.86	5
50.88	5
50.9	11.6667
50.92	8.33333
50.94	6.66667
50.96	1.66667
50.98	8.33333
51	6.66667
51.02	8.33333
51.04	1.66667
51.06	5
51.08	5
51.1	6.66667
51.12	6.66667
51.14	5
51.16	6.66667
51.18	5
51.2	8.33333
51.22	5
51.24	5
51.26	3.33333
51.28	8.33333
51.3	8.33333
51.32	10
51.34	10
51.36	3.33333
51.38	13.3333
51.4	1.66667
51.42	1.66667
51.44	3.33333
51.46	1.66667
51.48	8.33333
51.5	3.33333
51.52	5
51.54	6.66667
51.56	8.33333
51.58	3.33333
51.6	8.33333
51.62	8.33333
51.64	5
51.66	6.66667
51.68	1.66667
51.7	10
51.72	3.33333
51.74	5
51.76	5
51.78	1.66667
51.8	3.33333
51.82	6.66667
51.84	6.66667
51.86	15
51.88	15
51.9	5
51.92	3.33333
51.94	6.66667
51.96	5
51.98	10
52	3.33333
52.02	5
52.04	6.66667
52.06	3.33333
52.08	8.33333
52.1	13.3333
52.12	5
52.14	5
52.16	11.6667
52.18	5
52.2	3.33333
52.22	1.66667
52.24	3.33333
52.26	5
52.28	3.33333
52.3	5
52.32	13.3333
52.34	15
52.36	3.33333
52.38	8.33333
52.4	1.66667
52.42	10
52.44	8.33333
52.46	5
52.48	6.66667
52.5	10
52.52	5
52.54	10
52.56	13.3333
52.58	6.66667
52.6	5
52.62	8.33333
52.64	10
52.66	10
52.68	5
52.7	10
52.72	10
52.74	11.6667
52.76	13.3333
52.78	10
52.8	8.33333
52.82	5
52.84	5
52.86	3.33333
52.88	8.33333
52.9	8.33333
52.92	11.6667
52.94	18.3333
52.96	16.6667
52.98	5
53	10
53.02	10
53.04	11.6667
53.06	6.66667
53.08	8.33333
53.1	10
53.12	16.6667
53.14	15
53.16	13.3333
53.18	15
53.2	11.6667
53.22	13.3333
53.24	31.6667
53.26	11.6667
53.28	26.6667
53.3	28.3333
53.32	30
53.34	35
53.36	33.3333
53.38	43.3333
53.4	56.6667
53.42	75
53.44	90
53.46	95
53.48	111.667
53.5	173.333
53.52	186.667
53.54	176.667
53.56	153.333
53.58	116.667
53.6	98.3333
53.62	118.333
53.64	95
53.66	123.333
53.68	96.6667
53.7	80
53.72	55
53.74	48.3333
53.76	38.3333
53.78	33.3333
53.8	31.6667
53.82	31.6667
53.84	23.3333
53.86	21.6667
53.88	23.3333
53.9	13.3333
53.92	11.6667
53.94	11.6667
53.96	21.6667
53.98	13.3333
54	16.6667
54.02	15
54.04	6.66667
54.06	15
54.08	11.6667
54.1	6.66667
54.12	11.6667
54.14	10
54.16	6.66667
54.18	15
54.2	8.33333
54.22	11.6667
54.24	8.33333
54.26	15
54.28	8.33333
54.3	6.66667
54.32	6.66667
54.34	11.6667
54.36	13.3333
54.38	6.66667
54.4	10
54.42	11.6667
54.44	3.33333
54.46	10
54.48	11.6667
54.5	6.66667
54.52	3.33333
54.54	3.33333
54.56	10
54.58	15
54.6	13.3333
54.62	18.3333
54.64	11.6667
54.66	5
54.68	6.66667
54.7	3.33333
54.72	5
54.74	6.66667
54.76	1.66667
54.78	1.66667
54.8	3.33333
54.82	10
54.84	1.66667
54.86	15
54.88	5
54.9	11.6667
54.92	5
54.94	1.66667
54.96	15
54.98	13.3333
55	6.66667
55.02	5
55.04	10
55.06	1.66667
55.08	5
55.1	6.66667
55.12	6.66667
55.14	5
55.16	8.33333
55.18	15
55.2	6.66667
55.22	0
55.24	8.33333
55.26	8.33333
55.28	6.66667
55.3	15
55.32	8.33333
55.34	11.6667
55.36	11.6667
55.38	6.66667
55.4	8.33333
55.42	5
55.44	8.33333
55.46	1.66667
55.48	8.33333
55.5	10
55.52	8.33333
55.54	10
55.56	10
55.58	15
55.6	10
55.62	5
55.64	1.66667
55.66	5
55.68	15
55.7	11.6667
55.72	5
55.74	10
55.76	13.3333
55.78	10
55.8	11.6667
55.82	6.66667
55.84	5
55.86	5
55.88	6.66667
55.9	11.6667
55.92	15
55.94	13.3333
55.96	8.33333
55.98	10
56	6.66667
56.02	11.6667
56.04	16.6667
56.06	8.33333
56.08	6.66667
56.1	13.3333
56.12	11.6667
56.14	13.3333
56.16	16.6667
56.18	10
56.2	13.3333
56.22	15
56.24	23.3333
56.26	16.6667
56.28	6.66667
56.3	16.6667
56.32	15
56.34	13.3333
56.36	5
56.38	15
56.4	20
56.42	15
56.44	25
56.46	11.6667
56.48	30
56.5	23.3333
56.52	18.3333
56.54	28.3333
56.56	28.3333
56.58	30
56.6	30
56.62	36.6667
56.64	40
56.66	26.6667
56.68	48.3333
56.7	43.3333
56.72	40
56.74	55
56.76	45
56.78	60
56.8	60
56.82	66.6667
56.84	95
56.86	111.667
56.88	128.333
56.9	128.333
56.92	151.667
56.94	195
56.96	241.667
56.98	308.333
57	415
57.02	568.333
57.04	668.333
57.06	603.333
57.08	610
57.1	433.333
57.12	358.333
57.14	340
57.16	341.667
57.18	378.333
57.2	345
57.22	343.333
57.24	326.667
57.26	190
57.28	150
57.3	123.333
57.32	105
57.34	78.3333
57.36	73.3333
57.38	60
57.4	55
57.42	40
57.44	51.6667
57.46	41.6667
57.48	45
57.5	35
57.52	25
57.54	26.6667
57.56	26.6667
57.58	33.3333
57.6	40
57.62	21.6667
57.64	26.6667
57.66	30
57.68	21.6667
57.7	35
57.72	15
57.74	23.3333
57.76	15
57.78	15
57.8	26.6667
57.82	23.3333
57.84	15
57.86	8.33333
57.88	16.6667
57.9	16.6667
57.92	6.66667
57.94	13.3333
57.96	11.6667
57.98	13.3333
58	11.6667
58.02	11.6667
58.04	10
58.06	13.3333
58.08	11.6667
58.1	8.33333
58.12	13.3333
58.14	25
58.16	3.33333
58.18	5
58.2	8.33333
58.22	6.66667
58.24	8.33333
58.26	10
58.28	8.33333
58.3	13.3333
58.32	10
58.34	6.66667
58.36	10
58.38	5
58.4	8.33333
58.42	5
58.44	6.66667
58.46	6.66667
58.48	11.6667
58.5	3.33333
58.52	8.33333
58.54	6.66667
58.56	6.66667
58.58	13.3333
58.6	5
58.62	0
58.64	6.66667
58.66	6.66667
58.68	3.33333
58.7	6.66667
58.72	8.33333
58.74	3.33333
58.76	10
58.78	3.33333
58.8	3.33333
58.82	13.3333
58.84	6.66667
58.86	6.66667
58.88	5
58.9	3.33333
58.92	3.33333
58.94	10
58.96	8.33333
58.98	6.66667
59	8.33333
59.02	8.33333
59.04	5
59.06	3.33333
59.08	8.33333
59.1	6.66667
59.12	6.66667
59.14	1.66667
59.16	6.66667
59.18	13.3333
59.2	11.6667
59.22	8.33333
59.24	1.66667
59.26	10
59.28	8.33333
59.3	5
59.32	5
59.34	3.33333
59.36	11.6667
59.38	6.66667
59.4	5
59.42	5
59.44	6.66667
59.46	5
59.48	5
59.5	8.33333
59.52	5
59.54	8.33333
59.56	8.33333
59.58	10
59.6	6.66667
59.62	3.33333
59.64	6.66667
59.66	5
59.68	8.33333
59.7	5
59.72	11.6667
59.74	6.66667
59.76	6.66667
59.78	5
59.8	13.3333
59.82	11.6667
59.84	8.33333
59.86	10
59.88	8.33333
59.9	5
59.92	11.6667
59.94	3.33333
59.96	6.66667
59.98	5
60	8.33333
60.02	13.3333
60.04	13.3333
60.06	6.66667
60.08	5
60.1	0
60.12	3.33333
60.14	16.6667
60.16	15
60.18	6.66667
60.2	6.66667
60.22	6.66667
60.24	3.33333
60.26	8.33333
60.28	8.33333
60.3	6.66667
60.32	1.66667
60.34	3.33333
60.36	6.66667
60.38	6.66667
60.4	0
60.42	10
60.44	8.33333
60.46	8.33333
60.48	5
60.5	10
60.52	8.33333
60.54	10
60.56	11.6667
60.58	13.3333
60.6	8.33333
60.62	6.66667
60.64	8.33333
60.66	6.66667
60.68	5
60.7	5
60.72	10
60.74	3.33333
60.76	13.3333
60.78	3.33333
60.8	6.66667
60.82	8.33333
60.84	11.6667
60.86	5
60.88	3.33333
60.9	10
60.92	3.33333
60.94	1.66667
60.96	11.6667
60.98	13.3333
61	10
61.02	13.3333
61.04	8.33333
61.06	3.33333
61.08	8.33333
61.1	10
61.12	11.6667
61.14	15
61.16	10
61.18	8.33333
61.2	10
61.22	8.33333
61.24	10
61.26	15
61.28	16.6667
61.3	11.6667
61.32	10
61.34	16.6667
61.36	15
61.38	11.6667
61.4	13.3333
61.42	10
61.44	16.6667
61.46	11.6667
61.48	15
61.5	5
61.52	5
61.54	6.66667
61.56	23.3333
61.58	15
61.6	16.6667
61.62	11.6667
61.64	13.3333
61.66	11.6667
61.68	15
61.7	23.3333
61.72	30
61.74	8.33333
61.76	16.6667
61.78	16.6667
61.8	16.6667
61.82	21.6667
61.84	20
61.86	10
61.88	16.6667
61.9	11.6667
61.92	18.3333
61.94	16.6667
61.96	20
61.98	20
62	15
62.02	13.3333
62.04	16.6667
62.06	16.6667
62.08	26.6667
62.1	30
62.12	28.3333
62.14	38.3333
62.16	26.6667
62.18	31.6667
62.2	40
62.22	45
62.24	56.6667
62.26	43.3333
62.28	48.3333
62.3	45
62.32	50
62.34	60
62.36	61.6667
62.38	73.3333
62.4	90
62.42	108.333
62.44	98.3333
62.46	130
62.48	103.333
62.5	153.333
62.52	195
62.54	220
62.56	286.667
62.58	365
62.6	545
62.62	625
62.64	778.333
62.66	915
62.68	881.667
62.7	688.333
62.72	436.667
62.74	351.667
62.76	320
62.78	353.333
62.8	348.333
62.82	371.667
62.84	461.667
62.86	413.333
62.88	276.667
62.9	215
62.92	128.333
62.94	103.333
62.96	80
62.98	80
63	58.3333
63.02	70
63.04	50
63.06	55
63.08	76.6667
63.1	40
63.12	50
63.14	41.6667
63.16	36.6667
63.18	30
63.2	35
63.22	28.3333
63.24	28.3333
63.26	26.6667
63.28	25
63.3	20
63.32	21.6667
63.34	18.3333
63.36	31.6667
63.38	25
63.4	18.3333
63.42	16.6667
63.44	23.3333
63.46	23.3333
63.48	8.33333
63.5	26.6667
63.52	11.6667
63.54	13.3333
63.56	8.33333
63.58	11.6667
63.6	15
63.62	15
63.64	6.66667
63.66	10
63.68	8.33333
63.7	15
63.72	10
63.74	6.66667
63.76	6.66667
63.78	16.6667
63.8	6.66667
63.82	11.6667
63.84	15
63.86	8.33333
63.88	8.33333
63.9	10
63.92	15
63.94	5
63.96	8.33333
63.98	5
64	11.6667
64.02	6.66667
64.04	8.33333
64.06	15
64.08	6.66667
64.1	1.66667
64.12	8.33333
64.14	13.3333
64.16	6.66667
64.18	13.3333
64.2	8.33333
64.22	13.3333
64.24	5
64.26	3.33333
64.28	3.33333
64.3	8.33333
64.32	6.66667
64.34	11.6667
64.36	6.66667
64.38	10
64.4	3.33333
64.42	1.66667
64.44	11.6667
64.46	1.66667
64.48	1.66667
64.5	8.33333
64.52	6.66667
64.54	3.33333
64.56	5
64.58	0
64.6	5
64.62	10
64.64	0
64.66	8.33333
64.68	5
64.7	6.66667
64.72	8.33333
64.74	6.66667
64.76	1.66667
64.78	1.66667
64.8	8.33333
64.82	6.66667
64.84	11.6667
64.86	5
64.88	8.33333
64.9	3.33333
64.92	11.6667
64.94	8.33333
64.96	8.33333
64.98	15
65	6.66667
65.02	6.66667
65.04	5
65.06	3.33333
65.08	8.33333
65.1	6.66667
65.12	6.66667
65.14	0
65.16	3.33333
65.18	8.33333
65.2	8.33333
65.22	6.66667
65.24	11.6667
65.26	8.33333
65.28	6.66667
65.3	6.66667
65.32	6.66667
65.34	3.33333
65.36	5
65.38	5
65.4	3.33333
65.42	6.66667
65.44	8.33333
65.46	10
65.48	5
65.5	10
65.52	10
65.54	5
65.56	10
65.58	5
65.6	8.33333
65.62	10
65.64	6.66667
65.66	8.33333
65.68	8.33333
65.7	11.6667
65.72	8.33333
65.74	8.33333
65.76	10
65.78	6.66667
65.8	10
65.82	10
65.84	13.3333
65.86	8.33333
65.88	23.3333
65.9	10
65.92	16.6667
65.94	15
65.96	6.66667
65.98	6.66667
66	16.6667
66.02	8.33333
66.04	8.33333
66.06	13.3333
66.08	15
66.1	8.33333
66.12	13.3333
66.14	8.33333
66.16	8.33333
66.18	6.66667
66.2	3.33333
66.22	6.66667
66.24	8.33333
66.26	10
66.28	8.33333
66.3	5
66.32	6.66667
66.34	6.66667
66.36	5
66.38	6.66667
66.4	6.66667
66.42	8.33333
66.44	13.3333
66.46	5
66.48	3.33333
66.5	6.66667
66.52	11.6667
66.54	5
66.56	6.66667
66.58	6.66667
66.6	0
66.62	13.3333
66.64	3.33333
66.66	8.33333
66.68	0
66.7	3.33333
66.72	5
66.74	5
66.76	5
66.78	0
66.8	8.33333
66.82	3.33333
66.84	0
66.86	3.33333
66.88	6.66667
66.9	5
66.92	3.33333
66.94	3.33333
66.96	5
66.98	5
67	6.66667
67.02	8.33333
67.04	10
67.06	10
67.08	8.33333
67.1	5
67.12	10
67.14	5
67.16	6.66667
67.18	6.66667
67.2	8.33333
67.22	5
67.24	5
67.26	11.6667
67.28	13.3333
67.3	6.66667
67.32	1.66667
67.34	3.33333
67.36	3.33333
67.38	8.33333
67.4	3.33333
67.42	10
67.44	3.33333
67.46	10
67.48	5
67.5	6.66667
67.52	3.33333
67.54	11.6667
67.56	5
67.58	1.66667
67.6	6.66667
67.62	5
67.64	5
67.66	8.33333
67.68	3.33333
67.7	10
67.72	3.33333
67.74	1.66667
67.76	10
67.78	3.33333
67.8	5
67.82	3.33333
67.84	11.6667
67.86	11.6667
67.88	3.33333
67.9	13.3333
67.92	5
67.94	8.33333
67.96	11.6667
67.98	1.66667
68	5
68.02	10
68.04	3.33333
68.06	1.66667
68.08	1.66667
68.1	3.33333
68.12	3.33333
68.14	6.66667
68.16	8.33333
68.18	5
68.2	6.66667
68.22	10
68.24	6.66667
68.26	6.66667
68.28	3.33333
68.3	6.66667
68.32	8.33333
68.34	1.66667
68.36	3.33333
68.38	3.33333
68.4	6.66667
68.42	13.3333
68.44	5
68.46	1.66667
68.48	3.33333
68.5	6.66667
68.52	6.66667
68.54	1.66667
68.56	3.33333
68.58	8.33333
68.6	5
68.62	6.66667
68.64	6.66667
68.66	5
68.68	3.33333
68.7	3.33333
68.72	6.66667
68.74	1.66667
68.76	5
68.78	13.3333
68.8	3.33333
68.82	11.6667
68.84	11.6667
68.86	5
68.88	3.33333
68.9	5
68.92	6.66667
68.94	8.33333
68.96	11.6667
68.98	6.66667
69	5
69.02	8.33333
69.04	3.33333
69.06	1.66667
69.08	5
69.1	1.66667
69.12	3.33333
69.14	3.33333
69.16	3.33333
69.18	3.33333
69.2	10
69.22	6.66667
69.24	3.33333
69.26	3.33333
69.28	6.66667
69.3	3.33333
69.32	8.33333
69.34	1.66667
69.36	6.66667
69.38	1.66667
69.4	6.66667
69.42	3.33333
69.44	10
69.46	6.66667
69.48	3.33333
69.5	5
69.52	1.66667
69.54	3.33333
69.56	3.33333
69.58	3.33333
69.6	6.66667
69.62	1.66667
69.64	8.33333
69.66	3.33333
69.68	5
69.7	3.33333
69.72	8.33333
69.74	1.66667
69.76	6.66667
69.78	3.33333
69.8	6.66667
69.82	1.66667
69.84	1.66667
69.86	6.66667
69.88	5
69.9	3.33333
69.92	6.66667
69.94	8.33333
69.96	6.66667
69.98	5
70	3.33333
70.02	3.33333
70.04	6.66667
70.06	8.33333
70.08	6.66667
70.1	13.3333
70.12	3.33333
70.14	6.66667
70.16	8.33333
70.18	3.33333
70.2	3.33333
70.22	10
70.24	10
70.26	8.33333
70.28	3.33333
70.3	0
70.32	1.66667
70.34	1.66667
70.36	3.33333
70.38	10
70.4	5
70.42	11.6667
70.44	11.6667
70.46	1.66667
70.48	5
70.5	3.33333
70.52	10
70.54	11.6667
70.56	15
70.58	5
70.6	8.33333
70.62	6.66667
70.64	15
70.66	16.6667
70.68	13.3333
70.7	6.66667
70.72	8.33333
70.74	5
70.76	11.6667
70.78	15
70.8	11.6667
70.82	20
70.84	16.6667
70.86	16.6667
70.88	18.3333
70.9	28.3333
70.92	21.6667
70.94	23.3333
70.96	35
70.98	28.3333
71	50
71.02	75
71.04	68.3333
71.06	76.6667
71.08	75
71.1	71.6667
71.12	41.6667
71.14	51.6667
71.16	23.3333
71.18	28.3333
71.2	26.6667
71.22	36.6667
71.24	46.6667
71.26	26.6667
71.28	68.3333
71.3	28.3333
71.32	23.3333
71.34	18.3333
71.36	15
71.38	13.3333
71.4	10
71.42	20
71.44	20
71.46	31.6667
71.48	10
71.5	11.6667
71.52	6.66667
71.54	6.66667
71.56	3.33333
71.58	11.6667
71.6	11.6667
71.62	10
71.64	8.33333
71.66	6.66667
71.68	13.3333
71.7	11.6667
71.72	5
71.74	8.33333
71.76	6.66667
71.78	10
71.8	13.3333
71.82	3.33333
71.84	6.66667
71.86	3.33333
71.88	5
71.9	8.33333
71.92	8.33333
71.94	16.6667
71.96	1.66667
71.98	1.66667
72	11.6667
72.02	5
72.04	6.66667
72.06	5
72.08	10
72.1	6.66667
72.12	11.6667
72.14	5
72.16	5
72.18	6.66667
72.2	8.33333
72.22	3.33333
72.24	3.33333
72.26	3.33333
72.28	3.33333
72.3	8.33333
72.32	6.66667
72.34	1.66667
72.36	6.66667
72.38	10
72.4	6.66667
72.42	8.33333
72.44	6.66667
72.46	3.33333
72.48	3.33333
72.5	5
72.52	0
72.54	8.33333
72.56	5
72.58	5
72.6	3.33333
72.62	6.66667
72.64	6.66667
72.66	5
72.68	11.6667
72.7	5
72.72	3.33333
72.74	5
72.76	11.6667
72.78	11.6667
72.8	6.66667
72.82	8.33333
72.84	3.33333
72.86	8.33333
72.88	10
72.9	5
72.92	6.66667
72.94	5
72.96	15
72.98	5
73	3.33333
73.02	10
73.04	6.66667
73.06	8.33333
73.08	1.66667
73.1	11.6667
73.12	5
73.14	6.66667
73.16	6.66667
73.18	15
73.2	6.66667
73.22	3.33333
73.24	6.66667
73.26	8.33333
73.28	13.3333
73.3	1.66667
73.32	13.3333
73.34	3.33333
73.36	8.33333
73.38	10
73.4	8.33333
73.42	10
73.44	8.33333
73.46	10
73.48	3.33333
73.5	8.33333
73.52	10
73.54	5
73.56	6.66667
73.58	11.6667
73.6	8.33333
73.62	6.66667
73.64	16.6667
73.66	5
73.68	15
73.7	15
73.72	15
73.74	18.3333
73.76	26.6667
73.78	36.6667
73.8	30
73.82	20
73.84	21.6667
73.86	21.6667
73.88	25
73.9	16.6667
73.92	23.3333
73.94	38.3333
73.96	43.3333
73.98	31.6667
74	51.6667
74.02	66.6667
74.04	78.3333
74.06	103.333
74.08	118.333
74.1	140
74.12	135
74.14	111.667
74.16	83.3333
74.18	55
74.2	78.3333
74.22	53.3333
74.24	51.6667
74.26	31.6667
74.28	86.6667
74.3	71.6667
74.32	60
74.34	53.3333
74.36	56.6667
74.38	43.3333
74.4	26.6667
74.42	18.3333
74.44	23.3333
74.46	15
74.48	25
74.5	25
74.52	20
74.54	18.3333
74.56	5
74.58	10
74.6	13.3333
74.62	11.6667
74.64	13.3333
74.66	21.6667
74.68	15
74.7	8.33333
74.72	13.3333
74.74	16.6667
74.76	10
74.78	11.6667
74.8	13.3333
74.82	13.3333
74.84	5
74.86	11.6667
74.88	16.6667
74.9	13.3333
74.92	13.3333
74.94	20
74.96	20
74.98	25
75	30
75.02	23.3333
75.04	38.3333
75.06	56.6667
75.08	58.3333
75.1	66.6667
75.12	76.6667
75.14	53.3333
75.16	33.3333
75.18	21.6667
75.2	35
75.22	30
75.24	25
75.26	31.6667
75.28	28.3333
75.3	31.6667
75.32	25
75.34	45
75.36	15
75.38	23.3333
75.4	26.6667
75.42	23.3333
75.44	18.3333
75.46	15
75.48	11.6667
75.5	6.66667
75.52	11.6667
75.54	1.66667
75.56	16.6667
75.58	13.3333
75.6	10
75.62	5
75.64	6.66667
75.66	1.66667
75.68	10
75.7	6.66667
75.72	3.33333
75.74	13.3333
75.76	5
75.78	10
75.8	10
75.82	11.6667
75.84	8.33333
75.86	15
75.88	13.3333
75.9	1.66667
75.92	3.33333
75.94	10
75.96	5
75.98	3.33333
76	6.66667
76.02	5
76.04	6.66667
76.06	10
76.08	6.66667
76.1	8.33333
76.12	6.66667
76.14	10
76.16	5
76.18	8.33333
76.2	3.33333
76.22	13.3333
76.24	1.66667
76.26	6.66667
76.28	3.33333
76.3	1.66667
76.32	3.33333
76.34	1.66667
76.36	11.6667
76.38	8.33333
76.4	6.66667
76.42	10
76.44	5
76.46	6.66667
76.48	13.3333
76.5	6.66667
76.52	6.66667
76.54	6.66667
76.56	1.66667
76.58	8.33333
76.6	3.33333
76.62	0
76.64	1.66667
76.66	8.33333
76.68	5
76.7	3.33333
76.72	1.66667
76.74	3.33333
76.76	3.33333
76.78	13.3333
76.8	5
76.82	10
76.84	1.66667
76.86	8.33333
76.88	5
76.9	1.66667
76.92	5
76.94	5
76.96	5
76.98	10
77	5
77.02	1.66667
77.04	5
77.06	6.66667
77.08	1.66667
77.1	6.66667
77.12	8.33333
77.14	1.66667
77.16	5
77.18	6.66667
77.2	1.66667
77.22	3.33333
77.24	6.66667
77.26	1.66667
77.28	5
77.3	10
77.32	6.66667
77.34	5
77.36	5
77.38	3.33333
77.4	6.66667
77.42	8.33333
77.44	0
77.46	6.66667
77.48	3.33333
77.5	1.66667
77.52	0
77.54	1.66667
77.56	5
77.58	10
77.6	5
77.62	15
77.64	13.3333
77.66	5
77.68	5
77.7	5
77.72	6.66667
77.74	1.66667
77.76	1.66667
77.78	8.33333
77.8	3.33333
77.82	6.66667
77.84	3.33333
77.86	6.66667
77.88	3.33333
77.9	1.66667
77.92	1.66667
77.94	5
77.96	5
77.98	1.66667
78	3.33333
78.02	5
78.04	3.33333
78.06	6.66667
78.08	8.33333
78.1	5
78.12	3.33333
78.14	3.33333
78.16	11.6667
78.18	3.33333
78.2	6.66667
78.22	8.33333
78.24	11.6667
78.26	8.33333
78.28	3.33333
78.3	3.33333
78.32	8.33333
78.34	3.33333
78.36	6.66667
78.38	6.66667
78.4	3.33333
78.42	8.33333
78.44	3.33333
78.46	5
78.48	13.3333
78.5	5
78.52	6.66667
78.54	10
78.56	5
78.58	6.66667
78.6	10
78.62	5
78.64	0
78.66	8.33333
78.68	5
78.7	6.66667
78.72	8.33333
78.74	11.6667
78.76	10
78.78	6.66667
78.8	11.6667
78.82	11.6667
78.84	15
78.86	10
78.88	13.3333
78.9	5
78.92	10
78.94	13.3333
78.96	10
78.98	16.6667
79	23.3333
79.02	23.3333
79.04	36.6667
79.06	40
79.08	33.3333
79.1	41.6667
79.12	16.6667
79.14	10
79.16	13.3333
79.18	26.6667
79.2	11.6667
79.22	8.33333
79.24	13.3333
79.26	28.3333
79.28	20
79.3	16.6667
79.32	35
79.34	15
79.36	20
79.38	21.6667
79.4	10
79.42	10
79.44	8.33333
79.46	23.3333
79.48	5
79.5	10
79.52	3.33333
79.54	5
79.56	5
79.58	10
79.6	10
79.62	6.66667
79.64	1.66667
79.66	8.33333
79.68	3.33333
79.7	8.33333
79.72	6.66667
79.74	8.33333
79.76	10
79.78	6.66667
79.8	6.66667
79.82	8.33333
79.84	6.66667
79.86	10
79.88	0
79.9	3.33333
79.92	6.66667
79.94	6.66667
79.96	6.66667
79.98	3.33333
80	13.3333
80.02	5
80.04	3.33333
80.06	1.66667
80.08	5
80.1	6.66667
80.12	10
80.14	1.66667
80.16	10
80.18	5
80.2	8.33333
80.22	3.33333
80.24	5
80.26	5
80.28	3.33333
80.3	1.66667
80.32	1.66667
80.34	8.33333
80.36	1.66667
80.38	5
80.4	3.33333
80.42	6.66667
80.44	5
80.46	3.33333
80.48	6.66667
80.5	8.33333
80.52	8.33333
80.54	5
80.56	5
80.58	3.33333
80.6	5
80.62	3.33333
80.64	5
80.66	8.33333
80.68	6.66667
80.7	8.33333
80.72	3.33333
80.74	5
80.76	5
80.78	11.6667
80.8	1.66667
80.82	5
80.84	3.33333
80.86	1.66667
80.88	1.66667
80.9	10
80.92	0
80.94	3.33333
80.96	1.66667
80.98	1.66667
81	3.33333
81.02	1.66667
81.04	3.33333
81.06	3.33333
81.08	3.33333
81.1	8.33333
81.12	5
81.14	0
81.16	5
81.18	3.33333
81.2	3.33333
81.22	1.66667
81.24	6.66667
81.26	13.3333
81.28	6.66667
81.3	3.33333
81.32	6.66667
81.34	1.66667
81.36	8.33333
81.38	3.33333
81.4	6.66667
81.42	10
81.44	6.66667
81.46	0
81.48	6.66667
81.5	8.33333
81.52	1.66667
81.54	10
81.56	6.66667
81.58	3.33333
81.6	3.33333
81.62	6.66667
81.64	5
81.66	3.33333
81.68	3.33333
81.7	1.66667
81.72	10
81.74	6.66667
81.76	8.33333
81.78	6.66667
81.8	6.66667
81.82	5
81.84	5
81.86	6.66667
81.88	5
81.9	16.6667
81.92	11.6667
81.94	8.33333
81.96	8.33333
81.98	10
82	5
82.02	5
82.04	8.33333
82.06	10
82.08	8.33333
82.1	3.33333
82.12	5
82.14	1.66667
82.16	6.66667
82.18	6.66667
82.2	5
82.22	6.66667
82.24	10
82.26	5
82.28	15
82.3	5
82.32	6.66667
82.34	8.33333
82.36	5
82.38	13.3333
82.4	1.66667
82.42	6.66667
82.44	5
82.46	5
82.48	5
82.5	3.33333
82.52	1.66667
82.54	1.66667
82.56	0
82.58	1.66667
82.6	1.66667
82.62	5
82.64	6.66667
82.66	5
82.68	3.33333
82.7	3.33333
82.72	5
82.74	3.33333
82.76	3.33333
82.78	8.33333
82.8	5
82.82	6.66667
82.84	3.33333
82.86	5
82.88	5
82.9	6.66667
82.92	3.33333
82.94	1.66667
82.96	5
82.98	1.66667
83	3.33333
83.02	5
83.04	1.66667
83.06	1.66667
83.08	3.33333
83.1	3.33333
83.12	5
83.14	3.33333
83.16	10
83.18	10
83.2	8.33333
83.22	5
83.24	3.33333
83.26	6.66667
83.28	1.66667
83.3	6.66667
83.32	1.66667
83.34	5
83.36	3.33333
83.38	3.33333
83.4	10
83.42	5
83.44	3.33333
83.46	8.33333
83.48	5
83.5	5
83.52	5
83.54	0
83.56	8.33333
83.58	1.66667
83.6	5
83.62	5
83.64	3.33333
83.66	6.66667
83.68	6.66667
83.7	1.66667
83.72	1.66667
83.74	1.66667
83.76	3.33333
83.78	3.33333
83.8	3.33333
83.82	1.66667
83.84	1.66667
83.86	6.66667
83.88	8.33333
83.9	5
83.92	10
83.94	1.66667
83.96	5
83.98	0
84	6.66667
84.02	3.33333
84.04	6.66667
84.06	5
84.08	1.66667
84.1	3.33333
84.12	1.66667
84.14	5
84.16	5
84.18	5
84.2	15
84.22	3.33333
84.24	11.6667
84.26	3.33333
84.28	0
84.3	6.66667
84.32	3.33333
84.34	3.33333
84.36	0
84.38	6.66667
84.4	3.33333
84.42	5
84.44	5
84.46	3.33333
84.48	5
84.5	5
84.52	3.33333
84.54	5
84.56	8.33333
84.58	6.66667
84.6	11.6667
84.62	6.66667
84.64	3.33333
84.66	5
84.68	10
84.7	3.33333
84.72	5
84.74	1.66667
84.76	11.6667
84.78	3.33333
84.8	3.33333
84.82	1.66667
84.84	1.66667
84.86	5
84.88	6.66667
84.9	5
84.92	3.33333
84.94	1.66667
84.96	6.66667
84.98	15
85	5
85.02	3.33333
85.04	3.33333
85.06	8.33333
85.08	0
85.1	6.66667
85.12	1.66667
85.14	1.66667
85.16	5
85.18	6.66667
85.2	5
85.22	5
85.24	8.33333
85.26	1.66667
85.28	3.33333
85.3	6.66667
85.32	5
85.34	8.33333
85.36	6.66667
85.38	8.33333
85.4	1.66667
85.42	5
85.44	1.66667
85.46	6.66667
85.48	3.33333
85.5	3.33333
85.52	3.33333
85.54	5
85.56	6.66667
85.58	1.66667
85.6	1.66667
85.62	5
85.64	5
85.66	5
85.68	3.33333
85.7	6.66667
85.72	3.33333
85.74	5
85.76	0
85.78	3.33333
85.8	3.33333
85.82	13.3333
85.84	0
85.86	5
85.88	11.6667
85.9	5
85.92	0
85.94	0
85.96	11.6667
85.98	3.33333
86	6.66667
86.02	5
86.04	6.66667
86.06	8.33333
86.08	8.33333
86.1	10
86.12	10
86.14	3.33333
86.16	6.66667
86.18	11.6667
86.2	5
86.22	3.33333
86.24	5
86.26	10
86.28	11.6667
86.3	13.3333
86.32	3.33333
86.34	8.33333
86.36	6.66667
86.38	10
86.4	5
86.42	8.33333
86.44	1.66667
86.46	16.6667
86.48	15
86.5	11.6667
86.52	8.33333
86.54	8.33333
86.56	11.6667
86.58	18.3333
86.6	5
86.62	20
86.64	23.3333
86.66	11.6667
86.68	10
86.7	15
86.72	18.3333
86.74	20
86.76	35
86.78	36.6667
86.8	48.3333
86.82	40
86.84	51.6667
86.86	45
86.88	40
86.9	53.3333
86.92	50
86.94	35
86.96	26.6667
86.98	36.6667
87	18.3333
87.02	15
87.04	20
87.06	21.6667
87.08	21.6667
87.1	33.3333
87.12	25
87.14	36.6667
87.16	21.6667
87.18	25
87.2	18.3333
87.22	15
87.24	26.6667
87.26	21.6667
87.28	11.6667
87.3	13.3333
87.32	15
87.34	6.66667
87.36	13.3333
87.38	8.33333
87.4	6.66667
87.42	11.6667
87.44	11.6667
87.46	5
87.48	6.66667
87.5	8.33333
87.52	10
87.54	3.33333
87.56	10
87.58	8.33333
87.6	13.3333
87.62	11.6667
87.64	6.66667
87.66	8.33333
87.68	8.33333
87.7	6.66667
87.72	3.33333
87.74	8.33333
87.76	10
87.78	1.66667
87.8	18.3333
87.82	13.3333
87.84	6.66667
87.86	5
87.88	6.66667
87.9	10
87.92	6.66667
87.94	5
87.96	8.33333
87.98	11.6667
88	5
88.02	3.33333
88.04	11.6667
88.06	6.66667
88.08	1.66667
88.1	11.6667
88.12	3.33333
88.14	8.33333
88.16	11.6667
88.18	13.3333
88.2	5
88.22	0
88.24	6.66667
88.26	8.33333
88.28	5
88.3	3.33333
88.32	6.66667
88.34	10
88.36	6.66667
88.38	5
88.4	6.66667
88.42	5
88.44	6.66667
88.46	5
88.48	16.6667
88.5	6.66667
88.52	10
88.54	6.66667
88.56	10
88.58	8.33333
88.6	3.33333
88.62	13.3333
88.64	15
88.66	1.66667
88.68	13.3333
88.7	8.33333
88.72	8.33333
88.74	6.66667
88.76	5
88.78	5
88.8	13.3333
88.82	11.6667
88.84	8.33333
88.86	11.6667
88.88	8.33333
88.9	11.6667
88.92	20
88.94	11.6667
88.96	10
88.98	13.3333
89	8.33333
89.02	11.6667
89.04	13.3333
89.06	5
89.08	10
89.1	13.3333
89.12	15
89.14	20
89.16	20
89.18	13.3333
89.2	16.6667
89.22	18.3333
89.24	21.6667
89.26	16.6667
89.28	18.3333
89.3	20
89.32	15
89.34	13.3333
89.36	35
89.38	23.3333
89.4	25
89.42	20
89.44	20
89.46	30
89.48	26.6667
89.5	31.6667
89.52	38.3333
89.54	48.3333
89.56	43.3333
89.58	41.6667
89.6	53.3333
89.62	61.6667
89.64	61.6667
89.66	108.333
89.68	138.333
89.7	141.667
89.72	198.333
89.74	195
89.76	233.333
89.78	215
89.8	213.333
89.82	148.333
89.84	105
89.86	90
89.88	63.3333
89.9	85
89.92	70
89.94	68.3333
89.96	66.6667
89.98	95
90	105
90.02	128.333
90.04	130
90.06	126.667
90.08	106.667
90.1	93.3333
90.12	68.3333
90.14	58.3333
90.16	43.3333
90.18	51.6667
90.2	38.3333
90.22	28.3333
90.24	31.6667
90.26	26.6667
90.28	33.3333
90.3	26.6667
90.32	25
90.34	20
90.36	15
90.38	20
90.4	11.6667
90.42	6.66667
90.44	18.3333
90.46	15
90.48	13.3333
90.5	10
90.52	10
90.54	11.6667
90.56	13.3333
90.58	13.3333
90.6	5
90.62	11.6667
90.64	25
90.66	11.6667
90.68	18.3333
90.7	11.6667
90.72	16.6667
90.74	13.3333
90.76	1.66667
90.78	13.3333
90.8	10
90.82	10
90.84	11.6667
90.86	13.3333
90.88	5
90.9	8.33333
90.92	6.66667
90.94	8.33333
90.96	3.33333
90.98	10
91	13.3333
91.02	5
91.04	8.33333
91.06	13.3333
91.08	13.3333
91.1	6.66667
91.12	3.33333
91.14	6.66667
91.16	10
91.18	8.33333
91.2	5
91.22	8.33333
91.24	5
91.26	10
91.28	8.33333
91.3	5
91.32	5
91.34	6.66667
91.36	6.66667
91.38	3.33333
91.4	5
91.42	5
91.44	6.66667
91.46	3.33333
91.48	8.33333
91.5	13.3333
91.52	8.33333
91.54	3.33333
91.56	3.33333
91.58	8.33333
91.6	6.66667
91.62	5
91.64	5
91.66	6.66667
91.68	5
91.7	8.33333
91.72	10
91.74	6.66667
91.76	6.66667
91.78	11.6667
91.8	3.33333
91.82	6.66667
91.84	6.66667
91.86	3.33333
91.88	8.33333
91.9	1.66667
91.92	6.66667
91.94	8.33333
91.96	8.33333
91.98	8.33333
92	6.66667
92.02	8.33333
92.04	8.33333
92.06	3.33333
92.08	3.33333
92.1	0
92.12	11.6667
92.14	3.33333
92.16	8.33333
92.18	5
92.2	5
92.22	3.33333
92.24	3.33333
92.26	1.66667
92.28	3.33333
92.3	5
92.32	3.33333
92.34	8.33333
92.36	6.66667
92.38	11.6667
92.4	5
92.42	10
92.44	8.33333
92.46	10
92.48	6.66667
92.5	8.33333
92.52	3.33333
92.54	10
92.56	5
92.58	13.3333
92.6	1.66667
92.62	6.66667
92.64	3.33333
92.66	10
92.68	5
92.7	3.33333
92.72	0
92.74	10
92.76	5
92.78	10
92.8	5
92.82	11.6667
92.84	5
92.86	0
92.88	6.66667
92.9	8.33333
92.92	3.33333
92.94	3.33333
92.96	1.66667
92.98	6.66667
93	6.66667
93.02	8.33333
93.04	8.33333
93.06	5
93.08	5
93.1	5
93.12	6.66667
93.14	3.33333
93.16	8.33333
93.18	1.66667
93.2	6.66667
93.22	5
93.24	1.66667
93.26	0
93.28	10
93.3	3.33333
93.32	11.6667
93.34	10
93.36	6.66667
93.38	8.33333
93.4	11.6667
93.42	6.66667
93.44	8.33333
93.46	6.66667
93.48	8.33333
93.5	6.66667
93.52	6.66667
93.54	5
93.56	8.33333
93.58	6.66667
93.6	5
93.62	5
93.64	3.33333
93.66	5
93.68	6.66667
93.7	5
93.72	8.33333
93.74	5
93.76	3.33333
93.78	10
93.8	6.66667
93.82	16.6667
93.84	8.33333
93.86	5
93.88	8.33333
93.9	15
93.92	10
93.94	8.33333
93.96	8.33333
93.98	16.6667
94	11.6667
94.02	15
94.04	15
94.06	18.3333
94.08	11.6667
94.1	13.3333
94.12	23.3333
94.14	25
94.16	10
94.18	16.6667
94.2	20
94.22	13.3333
94.24	16.6667
94.26	18.3333
94.28	15
94.3	21.6667
94.32	26.6667
94.34	15
94.36	21.6667
94.38	33.3333
94.4	31.6667
94.42	43.3333
94.44	25
94.46	31.6667
94.48	70
94.5	91.6667
94.52	118.333
94.54	128.333
94.56	161.667
94.58	201.667
94.6	210
94.62	196.667
94.64	126.667
94.66	121.667
94.68	126.667
94.7	85
94.72	68.3333
94.74	80
94.76	46.6667
94.78	60
94.8	56.6667
94.82	60
94.84	63.3333
94.86	83.3333
94.88	91.6667
94.9	103.333
94.92	118.333
94.94	95
94.96	86.6667
94.98	75
95	38.3333
95.02	41.6667
95.04	43.3333
95.06	21.6667
95.08	18.3333
95.1	25
95.12	18.3333
95.14	18.3333
95.16	21.6667
95.18	15
95.2	13.3333
95.22	15
95.24	13.3333
95.26	13.3333
95.28	8.33333
95.3	11.6667
95.32	11.6667
95.34	16.6667
95.36	13.3333
95.38	10
95.4	3.33333
95.42	11.6667
95.44	15
95.46	8.33333
95.48	10
95.5	8.33333
95.52	8.33333
95.54	11.6667
95.56	6.66667
95.58	5
95.6	5
95.62	6.66667
95.64	5
95.66	3.33333
95.68	11.6667
95.7	6.66667
95.72	6.66667
95.74	6.66667
95.76	8.33333
95.78	3.33333
95.8	8.33333
95.82	3.33333
95.84	6.66667
95.86	11.6667
95.88	8.33333
95.9	13.3333
95.92	5
95.94	3.33333
95.96	6.66667
95.98	8.33333
96	5
96.02	3.33333
96.04	5
96.06	6.66667
96.08	3.33333
96.1	3.33333
96.12	3.33333
96.14	5
96.16	5
96.18	3.33333
96.2	11.6667
96.22	8.33333
96.24	6.66667
96.26	0
96.28	0
96.3	8.33333
96.32	3.33333
96.34	5
96.36	11.6667
96.38	0
96.4	5
96.42	1.66667
96.44	8.33333
96.46	15
96.48	3.33333
96.5	3.33333
96.52	1.66667
96.54	5
96.56	8.33333
96.58	5
96.6	5
96.62	3.33333
96.64	10
96.66	6.66667
96.68	3.33333
96.7	6.66667
96.72	0
96.74	6.66667
96.76	5
96.78	5
96.8	10
96.82	5
96.84	6.66667
96.86	5
96.88	8.33333
96.9	10
96.92	3.33333
96.94	6.66667
96.96	3.33333
96.98	5
97	5
97.02	6.66667
97.04	6.66667
97.06	6.66667
97.08	3.33333
97.1	3.33333
97.12	5
97.14	13.3333
97.16	6.66667
97.18	5
97.2	5
97.22	3.33333
97.24	6.66667
97.26	3.33333
97.28	5
97.3	8.33333
97.32	0
97.34	8.33333
97.36	1.66667
97.38	1.66667
97.4	8.33333
97.42	6.66667
97.44	13.3333
97.46	5
97.48	6.66667
97.5	3.33333
97.52	8.33333
97.54	3.33333
97.56	1.66667
97.58	3.33333
97.6	13.3333
97.62	3.33333
97.64	5
97.66	1.66667
97.68	3.33333
97.7	8.33333
97.72	6.66667
97.74	6.66667
97.76	8.33333
97.78	6.66667
97.8	8.33333
97.82	1.66667
97.84	5
97.86	6.66667
97.88	8.33333
97.9	8.33333
97.92	8.33333
97.94	11.6667
97.96	6.66667
97.98	1.66667
98	5
98.02	10
98.04	3.33333
98.06	6.66667
98.08	6.66667
98.1	3.33333
98.12	5
98.14	5
98.16	3.33333
98.18	3.33333
98.2	5
98.22	6.66667
98.24	6.66667
98.26	1.66667
98.28	8.33333
98.3	10
98.32	6.66667
98.34	6.66667
98.36	6.66667
98.38	5
98.4	8.33333
98.42	6.66667
98.44	3.33333
98.46	8.33333
98.48	8.33333
98.5	8.33333
98.52	3.33333
98.54	6.66667
98.56	3.33333
98.58	6.66667
98.6	10
98.62	10
98.64	5
98.66	6.66667
98.68	1.66667
98.7	6.66667
98.72	5
98.74	8.33333
98.76	5
98.78	6.66667
98.8	5
98.82	3.33333
98.84	5
98.86	5
98.88	8.33333
98.9	3.33333
98.92	3.33333
98.94	5
98.96	10
98.98	1.66667
99	3.33333
99.02	0
99.04	8.33333
99.06	3.33333
99.08	5
99.1	3.33333
99.12	0
99.14	5
99.16	5
99.18	10
99.2	3.33333
99.22	11.6667
99.24	0
99.26	6.66667
99.28	3.33333
99.3	5
99.32	13.3333
99.34	3.33333
99.36	6.66667
99.38	3.33333
99.4	1.66667
99.42	1.66667
99.44	3.33333
99.46	6.66667
99.48	3.33333
99.5	6.66667
99.52	8.33333
99.54	6.66667
99.56	8.33333
99.58	1.66667
99.6	5
99.62	6.66667
99.64	5
99.66	8.33333
99.68	8.33333
99.7	10
99.72	5
99.74	6.66667
99.76	3.33333
99.78	5
99.8	8.33333
99.82	6.66667
99.84	1.66667
99.86	5
99.88	5
99.9	5
99.92	3.33333
99.94	6.66667
99.96	8.33333
99.98	5
100	11.6667
100.02	5
100.04	0
100.06	6.66667
100.08	5
100.1	5
100.12	8.33333
100.14	10
100.16	3.33333
100.18	5
100.2	5
100.22	6.66667
100.24	3.33333
100.26	3.33333
100.28	1.66667
100.3	6.66667
100.32	3.33333
100.34	3.33333
100.36	3.33333
100.38	1.66667
100.4	8.33333
100.42	5
100.44	3.33333
100.46	5
100.48	6.66667
100.5	5
100.52	3.33333
100.54	1.66667
100.56	8.33333
100.58	6.66667
100.6	6.66667
100.62	3.33333
100.64	8.33333
100.66	5
100.68	10
100.7	6.66667
100.72	5
100.74	3.33333
100.76	11.6667
100.78	3.33333
100.8	8.33333
100.82	5
100.84	5
100.86	8.33333
100.88	1.66667
100.9	11.6667
100.92	10
100.94	11.6667
100.96	6.66667
100.98	18.3333
101	1.66667
101.02	8.33333
101.04	3.33333
101.06	5
101.08	6.66667
101.1	8.33333
101.12	11.6667
101.14	1.66667
101.16	10
101.18	6.66667
101.2	5
101.22	1.66667
101.24	8.33333
101.26	1.66667
101.28	1.66667
101.3	6.66667
101.32	1.66667
101.34	1.66667
101.36	6.66667
101.38	1.66667
101.4	0
101.42	3.33333
101.44	13.3333
101.46	3.33333
101.48	6.66667
101.5	6.66667
101.52	10
101.54	5
101.56	5
101.58	5
101.6	3.33333
101.62	5
101.64	8.33333
101.66	6.66667
101.68	1.66667
101.7	8.33333
101.72	8.33333
101.74	8.33333
101.76	3.33333
101.78	15
101.8	16.6667
101.82	10
101.84	3.33333
101.86	3.33333
101.88	13.3333
101.9	10
101.92	3.33333
101.94	3.33333
101.96	6.66667
101.98	6.66667
102	5
102.02	8.33333
102.04	5
102.06	6.66667
102.08	13.3333
102.1	10
102.12	13.3333
102.14	11.6667
102.16	3.33333
102.18	3.33333
102.2	11.6667
102.22	23.3333
102.24	13.3333
102.26	13.3333
102.28	26.6667
102.3	18.3333
102.32	23.3333
102.34	35
102.36	36.6667
102.38	46.6667
102.4	41.6667
102.42	40
102.44	66.6667
102.46	45
102.48	36.6667
102.5	36.6667
102.52	18.3333
102.54	16.6667
102.56	13.3333
102.58	15
102.6	16.6667
102.62	23.3333
102.64	13.3333
102.66	11.6667
102.68	18.3333
102.7	18.3333
102.72	21.6667
102.74	31.6667
102.76	35
102.78	20
102.8	16.6667
102.82	26.6667
102.84	15
102.86	28.3333
102.88	15
102.9	15
102.92	26.6667
102.94	10
102.96	3.33333
102.98	3.33333
103	16.6667
103.02	8.33333
103.04	10
103.06	8.33333
103.08	5
103.1	1.66667
103.12	6.66667
103.14	10
103.16	11.6667
103.18	8.33333
103.2	5
103.22	5
103.24	6.66667
103.26	10
103.28	5
103.3	6.66667
103.32	5
103.34	11.6667
103.36	10
103.38	5
103.4	8.33333
103.42	6.66667
103.44	6.66667
103.46	5
103.48	1.66667
103.5	5
103.52	10
103.54	8.33333
103.56	6.66667
103.58	10
103.6	10
103.62	1.66667
103.64	11.6667
103.66	1.66667
103.68	10
103.7	1.66667
103.72	11.6667
103.74	8.33333
103.76	6.66667
103.78	6.66667
103.8	6.66667
103.82	5
103.84	5
103.86	11.6667
103.88	3.33333
103.9	5
103.92	5
103.94	6.66667
103.96	11.6667
103.98	6.66667
104	16.6667
104.02	5
104.04	5
104.06	3.33333
104.08	18.3333
104.1	6.66667
104.12	3.33333
104.14	6.66667
104.16	0
104.18	1.66667
104.2	13.3333
104.22	6.66667
104.24	8.33333
104.26	6.66667
104.28	3.33333
104.3	8.33333
104.32	6.66667
104.34	5
104.36	3.33333
104.38	10
104.4	6.66667
104.42	3.33333
104.44	5
104.46	6.66667
104.48	5
104.5	5
104.52	5
104.54	3.33333
104.56	6.66667
104.58	10
104.6	6.66667
104.62	8.33333
104.64	10
104.66	10
104.68	21.6667
104.7	8.33333
104.72	11.6667
104.74	21.6667
104.76	11.6667
104.78	15
104.8	8.33333
104.82	6.66667
104.84	3.33333
104.86	5
104.88	18.3333
104.9	11.6667
104.92	16.6667
104.94	13.3333
104.96	13.3333
104.98	11.6667
105	23.3333
105.02	15
105.04	20
105.06	25
105.08	8.33333
105.1	23.3333
105.12	1.66667
105.14	18.3333
105.16	18.3333
105.18	18.3333
105.2	33.3333
105.22	25
105.24	31.6667
105.26	28.3333
105.28	35
105.3	50
105.32	73.3333
105.34	66.6667
105.36	86.6667
105.38	105
105.4	98.3333
105.42	80
105.44	73.3333
105.46	55
105.48	55
105.5	51.6667
105.52	40
105.54	31.6667
105.56	35
105.58	31.6667
105.6	30
105.62	35
105.64	28.3333
105.66	28.3333
105.68	36.6667
105.7	38.3333
105.72	30
105.74	61.6667
105.76	48.3333
105.78	56.6667
105.8	38.3333
105.82	36.6667
105.84	48.3333
105.86	31.6667
105.88	28.3333
105.9	21.6667
105.92	31.6667
105.94	36.6667
105.96	28.3333
105.98	16.6667
106	21.6667
106.02	21.6667
106.04	10
106.06	21.6667
106.08	16.6667
106.1	8.33333
106.12	15
106.14	11.6667
106.16	15
106.18	18.3333
106.2	18.3333
106.22	6.66667
106.24	18.3333
106.26	23.3333
106.28	18.3333
106.3	11.6667
106.32	13.3333
106.34	30
106.36	26.6667
106.38	25
106.4	23.3333
106.42	35
106.44	15
106.46	28.3333
106.48	20
106.5	18.3333
106.52	16.6667
106.54	25
106.56	15
106.58	8.33333
106.6	13.3333
106.62	11.6667
106.64	18.3333
106.66	15
106.68	6.66667
106.7	11.6667
106.72	13.3333
106.74	21.6667
106.76	25
106.78	25
106.8	18.3333
106.82	11.6667
106.84	15
106.86	18.3333
106.88	5
106.9	6.66667
106.92	11.6667
106.94	13.3333
106.96	15
106.98	6.66667
107	18.3333
107.02	11.6667
107.04	6.66667
107.06	6.66667
107.08	15
107.1	18.3333
107.12	8.33333
107.14	11.6667
107.16	6.66667
107.18	5
107.2	13.3333
107.22	13.3333
107.24	6.66667
107.26	5
107.28	0
107.3	5
107.32	6.66667
107.34	10
107.36	8.33333
107.38	1.66667
107.4	5
107.42	3.33333
107.44	3.33333
107.46	3.33333
107.48	8.33333
107.5	10
107.52	13.3333
107.54	13.3333
107.56	6.66667
107.58	3.33333
107.6	1.66667
107.62	10
107.64	10
107.66	6.66667
107.68	8.33333
107.7	1.66667
107.72	3.33333
107.74	5
107.76	5
107.78	5
107.8	6.66667
107.82	5
107.84	3.33333
107.86	8.33333
107.88	8.33333
107.9	5
107.92	8.33333
107.94	8.33333
107.96	3.33333
107.98	5
108	1.66667
108.02	8.33333
108.04	8.33333
108.06	8.33333
108.08	1.66667
108.1	5
108.12	8.33333
108.14	8.33333
108.16	8.33333
108.18	13.3333
108.2	6.66667
108.22	6.66667
108.24	3.33333
108.26	6.66667
108.28	8.33333
108.3	10
108.32	0
108.34	5
108.36	6.66667
108.38	3.33333
108.4	8.33333
108.42	5
108.44	3.33333
108.46	5
108.48	0
108.5	6.66667
108.52	3.33333
108.54	1.66667
108.56	5
108.58	5
108.6	6.66667
108.62	6.66667
108.64	11.6667
108.66	15
108.68	3.33333
108.7	5
108.72	5
108.74	5
108.76	11.6667
108.78	5
108.8	8.33333
108.82	8.33333
108.84	3.33333
108.86	5
108.88	11.6667
108.9	3.33333
108.92	0
108.94	6.66667
108.96	3.33333
108.98	3.33333
109	10
109.02	3.33333
109.04	6.66667
109.06	5
109.08	3.33333
109.1	10
109.12	5
109.14	10
109.16	6.66667
109.18	8.33333
109.2	6.66667
109.22	3.33333
109.24	3.33333
109.26	6.66667
109.28	5
109.3	8.33333
109.32	10
109.34	5
109.36	5
109.38	6.66667
109.4	8.33333
109.42	5
109.44	10
109.46	3.33333
109.48	3.33333
109.5	1.66667
109.52	8.33333
109.54	6.66667
109.56	8.33333
109.58	6.66667
109.6	10
109.62	8.33333
109.64	5
109.66	10
109.68	6.66667
109.7	6.66667
109.72	10
109.74	3.33333
109.76	6.66667
109.78	6.66667
109.8	3.33333
109.82	10
109.84	8.33333
109.86	10
109.88	1.66667
109.9	8.33333
109.92	5
109.94	5
109.96	10
109.98	11.6667
110	6.66667
110.02	10
110.04	10
110.06	8.33333
110.08	13.3333
110.1	15
110.12	15
110.14	6.66667
110.16	6.66667
110.18	8.33333
110.2	5
110.22	11.6667
110.24	10
110.26	13.3333
110.28	8.33333
110.3	18.3333
110.32	23.3333
110.34	28.3333
110.36	43.3333
110.38	45
110.4	40
110.42	46.6667
110.44	63.3333
110.46	50
110.48	63.3333
110.5	45
110.52	45
110.54	41.6667
110.56	20
110.58	21.6667
110.6	20
110.62	20
110.64	16.6667
110.66	20
110.68	8.33333
110.7	18.3333
110.72	25
110.74	20
110.76	20
110.78	20
110.8	18.3333
110.82	26.6667
110.84	26.6667
110.86	28.3333
110.88	35
110.9	28.3333
110.92	30
110.94	15
110.96	18.3333
110.98	11.6667
111	11.6667
111.02	18.3333
111.04	20
111.06	8.33333
111.08	10
111.1	10
111.12	13.3333
111.14	11.6667
111.16	5
111.18	8.33333
111.2	10
111.22	10
111.24	3.33333
111.26	6.66667
111.28	10
111.3	8.33333
111.32	6.66667
111.34	10
111.36	5
111.38	6.66667
111.4	13.3333
111.42	10
111.44	6.66667
111.46	15
111.48	10
111.5	3.33333
111.52	5
111.54	6.66667
111.56	10
111.58	8.33333
111.6	10
111.62	8.33333
111.64	1.66667
111.66	13.3333
111.68	11.6667
111.7	1.66667
111.72	3.33333
111.74	5
111.76	3.33333
111.78	10
111.8	5
111.82	1.66667
111.84	3.33333
111.86	8.33333
111.88	5
111.9	6.66667
111.92	1.66667
111.94	5
111.96	1.66667
111.98	10
112	5
112.02	5
112.04	1.66667
112.06	5
112.08	6.66667
112.1	8.33333
112.12	10
112.14	5
112.16	3.33333
112.18	5
112.2	5
112.22	3.33333
112.24	5
112.26	6.66667
112.28	5
112.3	3.33333
112.32	8.33333
112.34	5
112.36	11.6667
112.38	5
112.4	6.66667
112.42	6.66667
112.44	3.33333
112.46	0
112.48	6.66667
112.5	5
112.52	0
112.54	8.33333
112.56	6.66667
112.58	6.66667
112.6	6.66667
112.62	16.6667
112.64	6.66667
112.66	5
112.68	1.66667
112.7	5
112.72	3.33333
112.74	5
112.76	8.33333
112.78	5
112.8	8.33333
112.82	1.66667
112.84	5
112.86	1.66667
112.88	5
112.9	3.33333
112.92	3.33333
112.94	11.6667
112.96	8.33333
112.98	0
113	3.33333
113.02	5
113.04	5
113.06	5
113.08	3.33333
113.1	1.66667
113.12	8.33333
113.14	8.33333
113.16	3.33333
113.18	8.33333
113.2	6.66667
113.22	1.66667
113.24	3.33333
113.26	6.66667
113.28	5
113.3	3.33333
113.32	8.33333
113.34	5
113.36	5
113.38	5
113.4	6.66667
113.42	5
113.44	1.66667
113.46	10
113.48	1.66667
113.5	1.66667
113.52	11.6667
113.54	8.33333
113.56	6.66667
113.58	15
113.6	13.3333
113.62	1.66667
113.64	8.33333
113.66	6.66667
113.68	6.66667
113.7	15
113.72	10
113.74	13.3333
113.76	5
113.78	5
113.8	1.66667
113.82	6.66667
113.84	3.33333
113.86	5
113.88	8.33333
113.9	10
113.92	5
113.94	5
113.96	3.33333
113.98	6.66667
114	6.66667
114.02	6.66667
114.04	6.66667
114.06	8.33333
114.08	13.3333
114.1	8.33333
114.12	10
114.14	5
114.16	3.33333
114.18	5
114.2	3.33333
114.22	5
114.24	3.33333
114.26	3.33333
114.28	5
114.3	1.66667
114.32	1.66667
114.34	3.33333
114.36	3.33333
114.38	6.66667
114.4	3.33333
114.42	10
114.44	5
114.46	8.33333
114.48	3.33333
114.5	0
114.52	1.66667
114.54	6.66667
114.56	6.66667
114.58	3.33333
114.6	5
114.62	3.33333
114.64	5
114.66	3.33333
114.68	6.66667
114.7	3.33333
114.72	5
114.74	11.6667
114.76	8.33333
114.78	8.33333
114.8	3.33333
114.82	6.66667
114.84	8.33333
114.86	3.33333
114.88	5
114.9	6.66667
114.92	3.33333
114.94	0
114.96	10
114.98	8.33333
115	5
115.02	1.66667
115.04	8.33333
115.06	3.33333
115.08	10
115.1	0
115.12	8.33333
115.14	10
115.16	5
115.18	6.66667
115.2	5
115.22	3.33333
115.24	10
115.26	1.66667
115.28	3.33333
115.3	1.66667
115.32	6.66667
115.34	5
115.36	1.66667
115.38	3.33333
115.4	11.6667
115.42	3.33333
115.44	8.33333
115.46	11.6667
115.48	5
115.5	6.66667
115.52	1.66667
115.54	8.33333
115.56	1.66667
115.58	6.66667
115.6	1.66667
115.62	1.66667
115.64	5
115.66	6.66667
115.68	6.66667
115.7	5
115.72	1.66667
115.74	5
115.76	8.33333
115.78	1.66667
115.8	8.33333
115.82	5
115.84	8.33333
115.86	8.33333
115.88	0
115.9	8.33333
115.92	1.66667
115.94	11.6667
115.96	5
115.98	6.66667
116	0
116.02	8.33333
116.04	8.33333
116.06	5
116.08	0
116.1	1.66667
116.12	3.33333
116.14	8.33333
116.16	5
116.18	1.66667
116.2	6.66667
116.22	3.33333
116.24	15
116.26	6.66667
116.28	3.33333
116.3	5
116.32	5
116.34	6.66667
116.36	6.66667
116.38	6.66667
116.4	1.66667
116.42	3.33333
116.44	3.33333
116.46	6.66667
116.48	5
116.5	6.66667
116.52	8.33333
116.54	6.66667
116.56	0
116.58	6.66667
116.6	3.33333
116.62	6.66667
116.64	3.33333
116.66	0
116.68	3.33333
116.7	3.33333
116.72	3.33333
116.74	5
116.76	6.66667
116.78	6.66667
116.8	5
116.82	5
116.84	0
116.86	10
116.88	6.66667
116.9	3.33333
116.92	6.66667
116.94	1.66667
116.96	3.33333
116.98	6.66667
117	5
117.02	5
117.04	1.66667
117.06	5
117.08	1.66667
117.1	1.66667
117.12	6.66667
117.14	8.33333
117.16	8.33333
117.18	3.33333
117.2	1.66667
117.22	6.66667
117.24	6.66667
117.26	6.66667
117.28	6.66667
117.3	6.66667
117.32	5
117.34	6.66667
117.36	1.66667
117.38	13.3333
117.4	1.66667
117.42	6.66667
117.44	10
117.46	3.33333
117.48	8.33333
117.5	6.66667
117.52	10
117.54	5
117.56	5
117.58	6.66667
117.6	15
117.62	3.33333
117.64	3.33333
117.66	3.33333
117.68	10
117.7	3.33333
117.72	6.66667
117.74	8.33333
117.76	3.33333
117.78	3.33333
117.8	1.66667
117.82	5
117.84	6.66667
117.86	5
117.88	6.66667
117.9	5
117.92	10
117.94	8.33333
117.96	3.33333
117.98	3.33333
118	5
118.02	6.66667
118.04	8.33333
118.06	8.33333
118.08	3.33333
118.1	3.33333
118.12	5
118.14	13.3333
118.16	3.33333
118.18	3.33333
118.2	1.66667
118.22	8.33333
118.24	6.66667
118.26	8.33333
118.28	3.33333
118.3	6.66667
118.32	13.3333
118.34	1.66667
118.36	5
118.38	8.33333
118.4	3.33333
118.42	6.66667
118.44	6.66667
118.46	5
118.48	10
118.5	6.66667
118.52	0
118.54	1.66667
118.56	6.66667
118.58	5
118.6	1.66667
118.62	6.66667
118.64	5
118.66	10
118.68	10
118.7	6.66667
118.72	13.3333
118.74	11.6667
118.76	6.66667
118.78	8.33333
118.8	10
118.82	8.33333
118.84	15
118.86	10
118.88	11.6667
118.9	15
118.92	18.3333
118.94	16.6667
118.96	6.66667
118.98	18.3333
119	15
119.02	15
119.04	10
119.06	16.6667
119.08	8.33333
119.1	11.6667
119.12	8.33333
119.14	13.3333
119.16	8.33333
119.18	10
119.2	8.33333
119.22	11.6667
119.24	13.3333
119.26	8.33333
119.28	1.66667
119.3	8.33333
119.32	8.33333
119.34	3.33333
119.36	10
119.38	8.33333
119.4	1.66667
119.42	6.66667
119.44	5
119.46	8.33333
119.48	5
119.5	5
119.52	5
119.54	11.6667
119.56	10
119.58	13.3333
119.6	3.33333
119.62	8.33333
119.64	16.6667
119.66	6.66667
119.68	6.66667
119.7	3.33333
119.72	8.33333
119.74	5
119.76	5
119.78	6.66667
119.8	5
119.82	6.66667
119.84	10
119.86	15
119.88	6.66667
119.9	10
119.92	5
119.94	8.33333
119.96	3.33333
119.98	5
120	6.66667
